1770680724708 0.0015293457545340061 95
1770680726779 0.0 191
1770680728864 0.0 287
1770680732078 0.02088772878050804 383
1770680734151 0.07804594933986664 479
1770680736225 0.014528973028063774 575
1770680738301 0.04727901518344879 671
1770680740369 0.1018679216504097 767
1770680742426 0.1361674666404724 863
1770680744507 0.19627588987350464 959
1770680746654 0.23395197093486786 1055
1770680748737 0.25400176644325256 1151
1770680750802 0.23079869151115417 1247
1770680752933 0.2482539862394333 1343
1770680755016 0.2840919494628906 1439
1770680757098 0.3667990267276764 1535
1770680759184 0.36211901903152466 1631
1770680761256 0.3889402449131012 1727
1770680763335 0.34098151326179504 1823
1770680765415 0.3894296884536743 1919
1770680767484 0.43421509861946106 2015
1770680769580 0.39114630222320557 2111
1770680771652 0.44301408529281616 2207
1770680773727 0.44649389386177063 2303
1770680775824 0.4906882345676422 2399
1770680777907 0.5094843506813049 2495
1770680779997 0.4638451933860779 2591
1770680782078 0.47528335452079773 2687
1770680784152 0.4615347981452942 2783
1770680786274 0.475557416677475 2879
1770680788358 0.46986234188079834 2975
1770680790443 0.48354384303092957 3071
1770680792532 0.5024401545524597 3167
1770680794625 0.5537906885147095 3263
1770680796730 0.5035410523414612 3359
1770680798834 0.4996020495891571 3455
1770680800918 0.5113579034805298 3551
1770680803010 0.516959547996521 3647
1770680805097 0.5391839742660522 3743
1770680807198 0.5107724070549011 3839
1770680809295 0.529600977897644 3935
1770680811378 0.498420774936676 4031
1770680813467 0.5489476323127747 4127
1770680815567 0.5210627913475037 4223
1770680817662 0.5883029103279114 4319
1770680819771 0.5565911531448364 4415
1770680821852 0.602130651473999 4511
1770680823943 0.5679011344909668 4607
1770680826036 0.5774275660514832 4703
1770680828125 0.5320004820823669 4799
1770680831147 0.5968557596206665 4895
1770680833249 0.5786993503570557 4991
1770680835342 0.5616864562034607 5087
1770680837439 0.5460100173950195 5183
1770680839535 0.5815321207046509 5279
1770680841624 0.5913113355636597 5375
1770680843726 0.5805688500404358 5471
1770680845815 0.5430482029914856 5567
1770680847909 0.5852490663528442 5663
1770680850024 0.5763339400291443 5759
1770680852120 0.5725955367088318 5855
1770680854267 0.578353762626648 5951
1770680856353 0.5627778172492981 6047
1770680858442 0.618989884853363 6143
1770680860552 0.5662610530853271 6239
1770680862633 0.5708134174346924 6335
1770680864733 0.5981578230857849 6431
1770680867005 0.6065852046012878 6527
1770680869099 0.60267174243927 6623
1770680871205 0.5644217729568481 6719
1770680873295 0.6207375526428223 6815
1770680875383 0.6060746908187866 6911
1770680877470 0.6181320548057556 7007
1770680879549 0.5968493223190308 7103
1770680881663 0.6413857340812683 7199
1770680883771 0.6225076913833618 7295
1770680885868 0.614314079284668 7391
1770680887962 0.6132941246032715 7487
1770680890067 0.6440582871437073 7583
1770680892167 0.5867332816123962 7679
1770680894264 0.6224064230918884 7775
1770680896351 0.6104592680931091 7871
1770680898448 0.6197820901870728 7967
1770680900544 0.6372272968292236 8063
1770680902653 0.6262228488922119 8159
1770680904752 0.6450526118278503 8255
1770680906867 0.6271111965179443 8351
1770680908958 0.6558840870857239 8447
1770680911054 0.6297999024391174 8543
1770680913163 0.6366536617279053 8639
1770680915259 0.6017404198646545 8735
1770680917364 0.6170427799224854 8831
1770680919454 0.6044537425041199 8927
1770680921563 0.60872483253479 9023
1770680923674 0.6429649591445923 9119
1770680925768 0.630764365196228 9215
1770680927860 0.6368392705917358 9311
1770680929963 0.6386417150497437 9407
1770680932064 0.642970085144043 9503
1770680934165 0.6260000467300415 9599
1770680937215 0.6715108752250671 9695
1770680939316 0.6052433848381042 9791
1770680941427 0.6210265159606934 9887
1770680943523 0.6391814351081848 9983
1770680945625 0.6254928112030029 10079
1770680947717 0.6020070314407349 10175
1770680949815 0.6168695092201233 10271
1770680951918 0.6356236934661865 10367
1770680954023 0.6623559594154358 10463
1770680956130 0.6371586918830872 10559
1770680958236 0.6325908303260803 10655
1770680960344 0.641516923904419 10751
1770680962449 0.6251219511032104 10847
1770680964551 0.64066481590271 10943
1770680966653 0.6258249282836914 11039
1770680968749 0.6373628973960876 11135
1770680970862 0.6621806621551514 11231
1770680972963 0.6351996064186096 11327
1770680975062 0.6104803681373596 11423
1770680977175 0.6365028023719788 11519
1770680979270 0.6237425804138184 11615
1770680981382 0.6350699067115784 11711
1770680983507 0.6436721086502075 11807
1770680985608 0.6540533900260925 11903
1770680987718 0.6300515532493591 11999
1770680989816 0.6629019379615784 12095
1770680991917 0.6256908178329468 12191
1770680994027 0.6497640609741211 12287
1770680996115 0.6607917547225952 12383
1770680998220 0.6068632006645203 12479
1770681000326 0.6193612813949585 12575
1770681002425 0.6509392857551575 12671
1770681004535 0.6404851675033569 12767
1770681006634 0.650653064250946 12863
1770681008738 0.609619140625 12959
1770681010832 0.657187283039093 13055
1770681012925 0.6325368285179138 13151
1770681015013 0.5902359485626221 13247
1770681017111 0.6400842666625977 13343
1770681019204 0.6417856216430664 13439
1770681021309 0.6291454434394836 13535
1770681023418 0.6099941730499268 13631
1770681025504 0.6112353205680847 13727
1770681027607 0.677294909954071 13823
1770681029714 0.6506309509277344 13919
1770681031824 0.6578329205513 14015
1770681033919 0.6367794871330261 14111
1770681035999 0.6299471259117126 14207
1770681038091 0.6031087636947632 14303
1770681040221 0.6513641476631165 14399
1770681043458 0.6351227164268494 14495
1770681045557 0.6596602201461792 14591
1770681047646 0.6580083966255188 14687
1770681049741 0.6488446593284607 14783
1770681051852 0.6333039402961731 14879
1770681053935 0.6471964716911316 14975
1770681056026 0.6076213121414185 15071
1770681058125 0.6362796425819397 15167
1770681060205 0.651133120059967 15263
1770681062317 0.6265636682510376 15359
1770681064404 0.6778372526168823 15455
1770681066492 0.6642951369285583 15551
1770681068580 0.6060207486152649 15647
1770681070663 0.649002730846405 15743
1770681072757 0.6072151064872742 15839
1770681074868 0.647269070148468 15935
1770681077624 0.5873664617538452 16031
1770681079714 0.6286031603813171 16127
1770681082003 0.620674729347229 16223
1770681084097 0.5985568165779114 16319
1770681086182 0.6173962354660034 16415
1770681088249 0.6661713719367981 16511
1770681090333 0.6546639800071716 16607
1770681092433 0.6456200480461121 16703
1770681094518 0.6475978493690491 16799
1770681096626 0.6498962044715881 16895
1770681098710 0.6287152767181396 16991
1770681100786 0.6360875368118286 17087
1770681102888 0.6445724964141846 17183
1770681104968 0.6279779076576233 17279
1770681107041 0.6524460911750793 17375
1770681109144 0.6490201354026794 17471
1770681111221 0.6110440492630005 17567
1770681113308 0.6187775731086731 17663
1770681115404 0.6358602046966553 17759
1770681117487 0.6152091026306152 17855
1770681119589 0.6693955063819885 17951
1770681121683 0.6291326284408569 18047
1770681123755 0.6635183095932007 18143
1770681125869 0.628738522529602 18239
1770681127949 0.6519959568977356 18335
1770681130036 0.6549814343452454 18431
1770681132144 0.6079009771347046 18527
1770681134228 0.6159087419509888 18623
1770681136318 0.6186134815216064 18719
1770681138409 0.636105477809906 18815
1770681140488 0.6273550391197205 18911
1770681142567 0.596405565738678 19007
1770681144684 0.6453802585601807 19103
1770681146793 0.611272931098938 19199
1770681149823 0.5893018245697021 19295
1770681151908 0.6138187050819397 19391
1770681154002 0.649922251701355 19487
1770681156102 0.6130037903785706 19583
1770681158211 0.6294693946838379 19679
1770681160317 0.6352521777153015 19775
1770681162799 0.6672521829605103 19871
1770681165610 0.6155637502670288 19967
1770681167706 0.6451464295387268 20063
1770681169798 0.6267854571342468 20159
1770681171907 0.6306675672531128 20255
1770681174068 0.6205891370773315 20351
1770681176153 0.6303638219833374 20447
1770681178261 0.6200568079948425 20543
1770681180377 0.6247597932815552 20639
1770681182479 0.6581325531005859 20735
1770681184578 0.6255698204040527 20831
1770681186666 0.6084042191505432 20927
1770681188757 0.6271405220031738 21023
1770681190863 0.6397573351860046 21119
1770681192950 0.6278467774391174 21215
1770681195061 0.6147157549858093 21311
1770681197164 0.6376820206642151 21407
1770681199257 0.6234286427497864 21503
1770681201378 0.6331396102905273 21599
1770681203465 0.650600254535675 21695
1770681205564 0.6193745136260986 21791
1770681207662 0.6190906167030334 21887
1770681209756 0.6497689485549927 21983
1770681211878 0.6371254920959473 22079
1770681213981 0.6255477070808411 22175
1770681216076 0.597396194934845 22271
1770681218218 0.6649535894393921 22367
1770681220330 0.6422173380851746 22463
1770681222447 0.6151634454727173 22559
1770681224555 0.6070173978805542 22655
1770681226674 0.6726379990577698 22751
1770681228776 0.6337330341339111 22847
1770681230901 0.6124273538589478 22943
1770681233013 0.6564825773239136 23039
1770681235143 0.655314564704895 23135
1770681237246 0.6450653672218323 23231
1770681239343 0.5842259526252747 23327
1770681241446 0.652643084526062 23423
1770681243572 0.6288955211639404 23519
1770681245673 0.6502804756164551 23615
1770681247782 0.6105445623397827 23711
1770681249872 0.596132755279541 23807
1770681251969 0.6280540227890015 23903
1770681254091 0.6213677525520325 23999
1770681257132 0.62273108959198 24095
1770681259237 0.6669876575469971 24191
1770681261354 0.6557105183601379 24287
1770681263459 0.6558761596679688 24383
1770681265582 0.6449090242385864 24479
1770681267677 0.6751049160957336 24575
1770681269783 0.6004825830459595 24671
1770681271886 0.61440110206604 24767
1770681273977 0.607271671295166 24863
1770681276095 0.6465369462966919 24959
1770681278189 0.642728865146637 25055
1770681280280 0.659477710723877 25151
1770681282394 0.6177077293395996 25247
1770681284494 0.6165355443954468 25343
1770681286626 0.5739785432815552 25439
1770681288726 0.6597200632095337 25535
1770681290821 0.6026015877723694 25631
1770681292932 0.6425065398216248 25727
1770681295041 0.6263267397880554 25823
1770681297143 0.6160091757774353 25919
1770681299248 0.6435622572898865 26015
1770681301337 0.6616158485412598 26111
1770681303458 0.6289363503456116 26207
1770681305560 0.6197327375411987 26303
1770681307673 0.6435266137123108 26399
1770681309792 0.6473459005355835 26495
1770681311900 0.6644368171691895 26591
1770681313987 0.6185902953147888 26687
1770681316106 0.6427435278892517 26783
1770681318215 0.6536513566970825 26879
1770681320317 0.6355151534080505 26975
1770681322429 0.6356813907623291 27071
1770681324533 0.6247854232788086 27167
1770681326636 0.6129170060157776 27263
1770681328741 0.6347557306289673 27359
1770681330839 0.6498311758041382 27455
1770681332950 0.6159765124320984 27551
1770681335047 0.6630167961120605 27647
1770681337164 0.6196215748786926 27743
1770681339288 0.6321422457695007 27839
1770681341383 0.6290562152862549 27935
1770681343491 0.6767758727073669 28031
1770681345591 0.5879954695701599 28127
1770681347694 0.6342428922653198 28223
1770681349827 0.6122664213180542 28319
1770681351920 0.6320455074310303 28415
1770681354020 0.613776445388794 28511
1770681356119 0.6399809718132019 28607
1770681358213 0.588713526725769 28703
1770681360320 0.6064295768737793 28799
1770681363603 0.6332733631134033 28895
1770681365719 0.6300963759422302 28991
1770681367810 0.6412296295166016 29087
1770681369895 0.6418949961662292 29183
1770681372037 0.6219704747200012 29279
1770681374128 0.6469864845275879 29375
1770681376216 0.6208063364028931 29471
1770681378319 0.6684776544570923 29567
1770681380412 0.6223704218864441 29663
1770681382535 0.6303076148033142 29759
1770681384660 0.6443796753883362 29855
1770681386753 0.6592265367507935 29951
1770681388845 0.6404331922531128 30047
1770681390969 0.6603413820266724 30143
1770681393072 0.615788459777832 30239
1770681395162 0.6246490478515625 30335
1770681397251 0.6069718599319458 30431
1770681399349 0.581889271736145 30527
1770681401455 0.6211767196655273 30623
1770681403553 0.6036681532859802 30719
1770681405659 0.6740521192550659 30815
1770681407769 0.6146534085273743 30911
1770681409859 0.6256756782531738 31007
1770681411957 0.6721882224082947 31103
1770681414058 0.6294964551925659 31199
1770681416158 0.6521028876304626 31295
1770681418278 0.6123059391975403 31391
1770681420374 0.6766546368598938 31487
1770681422467 0.66264408826828 31583
1770681424586 0.6507022380828857 31679
1770681426680 0.622582733631134 31775
1770681428778 0.6299483776092529 31871
1770681430865 0.6398986577987671 31967
1770681432962 0.6477912068367004 32063
1770681435090 0.6060487627983093 32159
1770681437189 0.6228553056716919 32255
1770681439286 0.6126965284347534 32351
1770681441398 0.6048859357833862 32447
1770681443492 0.6367723345756531 32543
1770681445608 0.6686399579048157 32639
1770681447702 0.6391413807868958 32735
1770681449791 0.6374300718307495 32831
1770681451907 0.6350409984588623 32927
1770681453998 0.644533097743988 33023
1770681456104 0.6294123530387878 33119
1770681458237 0.6452664732933044 33215
1770681460332 0.625589907169342 33311
1770681462432 0.6429814696311951 33407
1770681464539 0.6104714274406433 33503
1770681466636 0.6415781378746033 33599
1770681469896 0.6529849767684937 33695
1770681471990 0.5931236147880554 33791
1770681474101 0.6213650703430176 33887
1770681476214 0.644513726234436 33983
1770681478321 0.6559883952140808 34079
1770681480419 0.6283891797065735 34175
1770681482514 0.5943858027458191 34271
1770681484610 0.6253228783607483 34367
1770681486727 0.6174413561820984 34463
1770681488825 0.6252748966217041 34559
1770681490923 0.655511200428009 34655
1770681493044 0.6169832348823547 34751
1770681495352 0.6140512824058533 34847
1770681497461 0.6586431264877319 34943
1770681499585 0.5970973968505859 35039
1770681501685 0.6325632333755493 35135
1770681503797 0.5893272757530212 35231
1770681505889 0.6514751315116882 35327
1770681508193 0.6333944201469421 35423
1770681510330 0.6244280338287354 35519
1770681512421 0.6706048250198364 35615
1770681514518 0.6065306663513184 35711
1770681516617 0.6355252265930176 35807
1770681518710 0.6402613520622253 35903
1770681520832 0.5929039716720581 35999
1770681522928 0.6444876790046692 36095
1770681525020 0.6647577881813049 36191
1770681527142 0.6249980330467224 36287
1770681529235 0.5995441675186157 36383
1770681531342 0.6512659192085266 36479
1770681533449 0.6182071566581726 36575
1770681535543 0.6592768430709839 36671
1770681537633 0.6187681555747986 36767
1770681539731 0.5989723205566406 36863
1770681541835 0.6483997106552124 36959
1770681543936 0.6123336553573608 37055
1770681546038 0.6181981563568115 37151
1770681548134 0.6162151098251343 37247
1770681550224 0.6348651647567749 37343
1770681552327 0.622497022151947 37439
1770681554417 0.6307450532913208 37535
1770681556517 0.6185535192489624 37631
1770681558829 0.6478161215782166 37727
1770681560950 0.6482449173927307 37823
1770681563073 0.6151582598686218 37919
1770681565158 0.6023638248443604 38015
1770681567250 0.6487090587615967 38111
1770681569354 0.6484421491622925 38207
1770681571448 0.6470997333526611 38303
1770681573559 0.6635163426399231 38399
1770681576610 0.6197987794876099 38495
1770681578723 0.6465986967086792 38591
1770681580814 0.6391934752464294 38687
1770681582903 0.6397343277931213 38783
1770681585005 0.6241682767868042 38879
1770681587106 0.6422907710075378 38975
1770681589221 0.629176914691925 39071
1770681591322 0.6306537985801697 39167
1770681593900 0.6672255396842957 39263
1770681596890 0.5977742671966553 39359
1770681598988 0.6416530609130859 39455
1770681601096 0.6732311844825745 39551
1770681603253 0.6589792370796204 39647
1770681605362 0.6221410632133484 39743
1770681607476 0.6185431480407715 39839
1770681609572 0.6412732601165771 39935
1770681611678 0.6120144128799438 40031
1770681613780 0.6036815047264099 40127
1770681615882 0.5901455879211426 40223
1770681617986 0.615689218044281 40319
1770681620076 0.6439524292945862 40415
1770681622176 0.636593759059906 40511
1770681624292 0.6558831930160522 40607
1770681626380 0.6075108647346497 40703
1770681628474 0.6417648196220398 40799
1770681630596 0.6480725407600403 40895
1770681632696 0.6425065398216248 40991
1770681634793 0.653279721736908 41087
1770681636880 0.6272055506706238 41183
1770681638996 0.5837399363517761 41279
1770681641105 0.6134158968925476 41375
1770681643207 0.613053023815155 41471
1770681645290 0.6515705585479736 41567
1770681647397 0.6556095480918884 41663
1770681649516 0.6343986392021179 41759
1770681651606 0.6588354110717773 41855
1770681653703 0.6239132285118103 41951
1770681655793 0.6225952506065369 42047
1770681657912 0.6647506356239319 42143
1770681660105 0.6090176105499268 42239
1770681662201 0.6305935978889465 42335
1770681664312 0.6548601984977722 42431
1770681666415 0.6420965790748596 42527
1770681668510 0.6259294152259827 42623
1770681670613 0.6468051671981812 42719
1770681672702 0.622627317905426 42815
1770681674805 0.6435156464576721 42911
1770681676913 0.6654139757156372 43007
1770681678992 0.6400740742683411 43103
1770681681106 0.6427717208862305 43199
1770681684385 0.6373533010482788 43295
1770681686523 0.6509930491447449 43391
1770681688650 0.6485065817832947 43487
1770681690744 0.6254445910453796 43583
1770681692860 0.6072636842727661 43679
1770681694951 0.6269481182098389 43775
1770681697046 0.6416430473327637 43871
1770681699163 0.6543610692024231 43967
1770681701260 0.6776185035705566 44063
1770681703364 0.6491344571113586 44159
1770681705470 0.6373657584190369 44255
1770681707552 0.6495974659919739 44351
1770681709657 0.6255210638046265 44447
1770681711759 0.651023268699646 44543
1770681713878 0.6674414873123169 44639
1770681715979 0.6276965737342834 44735
1770681718074 0.643512487411499 44831
1770681720177 0.6084067225456238 44927
1770681722277 0.654799222946167 45023
1770681724374 0.6474255919456482 45119
1770681726465 0.6483663320541382 45215
1770681728578 0.626857578754425 45311
1770681730681 0.6551284790039062 45407
1770681732785 0.6084710955619812 45503
1770681734897 0.6224077343940735 45599
1770681736999 0.6707659959793091 45695
1770681739106 0.6225519180297852 45791
1770681741205 0.6407963037490845 45887
1770681743302 0.624864399433136 45983
1770681745420 0.6292191743850708 46079
1770681747522 0.6360383033752441 46175
1770681749618 0.6431600451469421 46271
1770681751743 0.6253875494003296 46367
1770681753855 0.6134751439094543 46463
1770681755963 0.6614315509796143 46559
1770681758058 0.6131742000579834 46655
1770681760144 0.6205596327781677 46751
1770681762271 0.6219663619995117 46847
1770681764591 0.6563032865524292 46943
1770681766702 0.6333668828010559 47039
1770681768839 0.6562559604644775 47135
1770681770937 0.6411813497543335 47231
1770681773033 0.6164556741714478 47327
1770681775138 0.6250524520874023 47423
1770681777229 0.6545348167419434 47519
1770681779329 0.6460309624671936 47615
1770681781428 0.578953742980957 47711
1770681783519 0.6301310062408447 47807
1770681785627 0.6010698080062866 47903
1770681787733 0.6518720984458923 47999
1770681790782 0.6166757345199585 48095
1770681792894 0.633762538433075 48191
1770681794980 0.6523624062538147 48287
1770681797090 0.6519960761070251 48383
1770681799204 0.6566042304039001 48479
1770681801302 0.6206045746803284 48575
1770681803415 0.6272153854370117 48671
1770681805507 0.6610618829727173 48767
1770681807594 0.6272241473197937 48863
1770681809706 0.6586894392967224 48959
1770681811806 0.6218293309211731 49055
1770681813921 0.6193593740463257 49151
1770681816021 0.6333827376365662 49247
1770681818109 0.6131819486618042 49343
1770681820247 0.6444881558418274 49439
1770681822356 0.6418604254722595 49535
1770681824453 0.6616894006729126 49631
1770681826550 0.64634108543396 49727
1770681828637 0.6316503882408142 49823
1770681830753 0.6540144085884094 49919
1770681832848 0.6291353106498718 50015
1770681834931 0.6343814730644226 50111
1770681837039 0.6453069448471069 50207
1770681839153 0.6311510801315308 50303
1770681841248 0.6512442231178284 50399
1770681843778 0.5923341512680054 50495
1770681845864 0.6459825038909912 50591
1770681847968 0.6231092810630798 50687
1770681850073 0.6348543167114258 50783
1770681852174 0.6374534368515015 50879
1770681854272 0.6172606945037842 50975
1770681856399 0.6313316822052002 51071
1770681858502 0.6440361738204956 51167
1770681860611 0.5884531140327454 51263
1770681862928 0.5999882817268372 51359
1770681865028 0.6401147246360779 51455
1770681867124 0.6520428657531738 51551
1770681869210 0.6676089763641357 51647
1770681871314 0.6241160035133362 51743
1770681873447 0.6464077830314636 51839
1770681875551 0.6634019613265991 51935
1770681877653 0.6672285199165344 52031
1770681879760 0.6056199669837952 52127
1770681881867 0.6405736804008484 52223
1770681883999 0.6392489075660706 52319
1770681886094 0.6097628474235535 52415
1770681888187 0.663818895816803 52511
1770681890318 0.6645680069923401 52607
1770681892419 0.6312808990478516 52703
1770681894526 0.6460947394371033 52799
1770681897576 0.6218904852867126 52895
1770681899672 0.6340953707695007 52991
1770681901758 0.6404744982719421 53087
1770681903848 0.6133307814598083 53183
1770681905956 0.6414188742637634 53279
1770681908068 0.6259744167327881 53375
1770681910152 0.6367164254188538 53471
1770681912249 0.6101895570755005 53567
1770681914358 0.6147667169570923 53663
1770681916459 0.6221998929977417 53759
1770681918561 0.6488685011863708 53855
1770681920653 0.5799303650856018 53951
1770681922735 0.5940681099891663 54047
1770681924832 0.6378996968269348 54143
1770681926932 0.65788733959198 54239
1770681929017 0.5989602208137512 54335
1770681931112 0.616401731967926 54431
1770681933197 0.6013808250427246 54527
1770681935285 0.6126512289047241 54623
1770681937384 0.6290070414543152 54719
1770681939468 0.6130381226539612 54815
1770681941584 0.6311724185943604 54911
1770681943701 0.6300958395004272 55007
1770681945783 0.6481898427009583 55103
1770681947897 0.6364160180091858 55199
1770681949988 0.6678521633148193 55295
1770681952075 0.6200231909751892 55391
1770681954378 0.6298640966415405 55487
1770681956471 0.6318823099136353 55583
1770681958577 0.6213961839675903 55679
1770681960684 0.604011058807373 55775
1770681962770 0.6273431777954102 55871
1770681964867 0.6403637528419495 55967
1770681966975 0.6645693778991699 56063
1770681969079 0.649073600769043 56159
1770681971161 0.6368222832679749 56255
1770681973243 0.6296159029006958 56351
1770681975337 0.6274861693382263 56447
1770681977441 0.6204844117164612 56543
1770681979538 0.6427695751190186 56639
1770681981632 0.66566401720047 56735
1770681983729 0.6492230892181396 56831
1770681985819 0.6026723980903625 56927
1770681987904 0.6537821292877197 57023
1770681990006 0.5995582342147827 57119
1770681992099 0.6384682059288025 57215
1770681994215 0.6347137093544006 57311
1770681996302 0.6422536373138428 57407
1770681998397 0.64918053150177 57503
1770682000508 0.6240367293357849 57599
1770682003767 0.5881223082542419 57695
1770682005849 0.6572773456573486 57791
1770682007940 0.6047453284263611 57887
1770682010025 0.6158608794212341 57983
1770682012148 0.6592586636543274 58079
1770682014242 0.6283140778541565 58175
1770682016326 0.6203030943870544 58271
1770682018432 0.6489583253860474 58367
1770682020535 0.6182612776756287 58463
1770682022665 0.6726586818695068 58559
1770682024770 0.5853831171989441 58655
1770682027965 0.6489483118057251 58751
1770682030247 0.6360544562339783 58847
1770682032330 0.6436044573783875 58943
1770682034427 0.6410243511199951 59039
1770682036519 0.6336872577667236 59135
1770682038625 0.6120374202728271 59231
1770682040743 0.6061583161354065 59327
1770682042839 0.6366018056869507 59423
1770682044931 0.6326134204864502 59519
1770682047043 0.6498790383338928 59615
1770682049141 0.6126319169998169 59711
1770682051231 0.617950975894928 59807
1770682053543 0.6529074311256409 59903
1770682055642 0.6080753803253174 59999
1770682057768 0.600459635257721 60095
1770682059851 0.6666476726531982 60191
1770682061934 0.6344283223152161 60287
1770682064042 0.6715890169143677 60383
1770682066151 0.6492497324943542 60479
1770682068228 0.6229563355445862 60575
1770682070316 0.6422051191329956 60671
1770682072401 0.6228406429290771 60767
1770682074494 0.6530161499977112 60863
1770682076620 0.6420032978057861 60959
1770682078917 0.6321861743927002 61055
1770682081018 0.5889602303504944 61151
1770682083119 0.6262141466140747 61247
1770682085217 0.6288840770721436 61343
1770682087535 0.6184451580047607 61439
1770682089622 0.6364802122116089 61535
1770682091706 0.6513359546661377 61631
1770682093828 0.6499436497688293 61727
1770682095915 0.6519008278846741 61823
1770682098022 0.6474037766456604 61919
1770682100115 0.6308155655860901 62015
1770682102209 0.6226130127906799 62111
1770682104300 0.6354435682296753 62207
1770682106381 0.5877604484558105 62303
1770682108496 0.6568218469619751 62399
1770682111540 0.6424973011016846 62495
1770682113629 0.6434779763221741 62591
1770682115746 0.6662565469741821 62687
1770682117852 0.6604934334754944 62783
1770682119950 0.650661051273346 62879
1770682122059 0.6697456240653992 62975
1770682124149 0.6363932490348816 63071
1770682126248 0.6423941254615784 63167
1770682128347 0.6349412202835083 63263
1770682130458 0.6308574676513672 63359
1770682132557 0.6502829194068909 63455
1770682134646 0.6458753347396851 63551
1770682136737 0.6284980177879333 63647
1770682138836 0.624323844909668 63743
1770682140931 0.6429407000541687 63839
1770682143036 0.6293705701828003 63935
1770682145125 0.6697632074356079 64031
1770682147221 0.6568446755409241 64127
1770682149334 0.6269259452819824 64223
1770682151430 0.6582620739936829 64319
1770682153520 0.6661763191223145 64415
1770682155626 0.6528278589248657 64511
1770682157714 0.6389418840408325 64607
1770682159901 0.649100124835968 64703
1770682161995 0.655781626701355 64799
1770682164084 0.6233831644058228 64895
1770682166179 0.6852365136146545 64991
1770682168280 0.6437320113182068 65087
1770682170371 0.6375645399093628 65183
1770682172495 0.6459929347038269 65279
1770682174583 0.626990556716919 65375
1770682176673 0.6160567402839661 65471
1770682178756 0.6180363893508911 65567
1770682180842 0.6359027624130249 65663
1770682182943 0.6377784013748169 65759
1770682185029 0.6629787683486938 65855
1770682187123 0.6164588332176208 65951
1770682189381 0.6270681023597717 66047
1770682191525 0.6025945544242859 66143
1770682193665 0.6303482055664062 66239
1770682195755 0.6498534083366394 66335
1770682197834 0.6537803411483765 66431
1770682199919 0.621845543384552 66527
1770682202001 0.6280843615531921 66623
1770682204251 0.623487651348114 66719
1770682206513 0.6206265687942505 66815
1770682208762 0.6657703518867493 66911
1770682210851 0.645026445388794 67007
1770682212940 0.6310629844665527 67103
1770682215048 0.6507191061973572 67199
1770682218298 0.619185745716095 67295
1770682220377 0.6257387399673462 67391
1770682222460 0.636780858039856 67487
1770682224585 0.6560050249099731 67583
1770682226718 0.6335726976394653 67679
1770682228810 0.6548318266868591 67775
1770682230898 0.6212862730026245 67871
1770682232989 0.6547209620475769 67967
1770682235073 0.6333914995193481 68063
1770682237168 0.6028631925582886 68159
1770682239249 0.6553884148597717 68255
1770682241340 0.6456035375595093 68351
1770682243417 0.628642201423645 68447
1770682245503 0.6481244564056396 68543
1770682247590 0.6670194268226624 68639
1770682249670 0.6401389241218567 68735
1770682251746 0.6178708672523499 68831
1770682253820 0.6596492528915405 68927
1770682255906 0.619192361831665 69023
1770682258110 0.6291337609291077 69119
1770682260203 0.6362656950950623 69215
1770682262296 0.6445645689964294 69311
1770682264380 0.6295482516288757 69407
1770682266462 0.6443617343902588 69503
1770682268552 0.6274453997612 69599
1770682270628 0.6417691707611084 69695
1770682272716 0.6337563991546631 69791
1770682274800 0.6257063150405884 69887
1770682276886 0.6354378461837769 69983
1770682278974 0.6187179088592529 70079
1770682281059 0.6233898401260376 70175
1770682283147 0.636187732219696 70271
1770682285233 0.6286173462867737 70367
1770682287304 0.6251615285873413 70463
1770682289394 0.6191734671592712 70559
1770682291531 0.6429502964019775 70655
1770682293617 0.6484032869338989 70751
1770682295697 0.6411725878715515 70847
1770682297786 0.6580933928489685 70943
1770682299885 0.619407057762146 71039
1770682301965 0.6026661992073059 71135
1770682304053 0.6303066611289978 71231
1770682306148 0.6514532566070557 71327
1770682308238 0.6184254884719849 71423
1770682310349 0.6410746574401855 71519
1770682312441 0.6144130825996399 71615
1770682314538 0.6616988182067871 71711
1770682316611 0.6158539652824402 71807
1770682318699 0.6481220722198486 71903
1770682320792 0.6149579882621765 71999
1770682323837 0.6522524952888489 72095
1770682325947 0.6367141008377075 72191
1770682328026 0.6829224228858948 72287
1770682330129 0.6714648604393005 72383
1770682332226 0.6664298176765442 72479
1770682334319 0.6292698979377747 72575
1770682336404 0.6416798830032349 72671
1770682338502 0.628382682800293 72767
1770682340587 0.6171218156814575 72863
1770682342689 0.6167128086090088 72959
1770682344769 0.5879817605018616 73055
1770682346869 0.6329832673072815 73151
1770682348974 0.6527218222618103 73247
1770682351071 0.6518168449401855 73343
1770682353174 0.6191277503967285 73439
1770682355266 0.6216533780097961 73535
1770682357390 0.6623744368553162 73631
1770682359511 0.6298785209655762 73727
1770682361593 0.6320122480392456 73823
1770682363690 0.6614454984664917 73919
1770682365795 0.6443572640419006 74015
1770682367884 0.6376880407333374 74111
1770682369968 0.6113297343254089 74207
1770682372059 0.6781202554702759 74303
1770682374152 0.6603931188583374 74399
1770682376243 0.6465299725532532 74495
1770682378329 0.6329683661460876 74591
1770682380441 0.6009549498558044 74687
1770682382543 0.6176139712333679 74783
1770682384665 0.6196651458740234 74879
1770682386758 0.6341304779052734 74975
1770682388857 0.6527720093727112 75071
1770682390951 0.6091632843017578 75167
1770682393065 0.6517191529273987 75263
1770682395158 0.6204899549484253 75359
1770682397243 0.6174920201301575 75455
1770682399354 0.6642348170280457 75551
1770682401444 0.6540278792381287 75647
1770682403535 0.6112530827522278 75743
1770682405652 0.601781964302063 75839
1770682407731 0.6536000967025757 75935
1770682409825 0.6284111738204956 76031
1770682411927 0.6657196283340454 76127
1770682414023 0.6159993410110474 76223
1770682416144 0.618681788444519 76319
1770682418226 0.6356866359710693 76415
1770682420309 0.6356372833251953 76511
1770682422404 0.6454881429672241 76607
1770682424498 0.6334577798843384 76703
1770682426615 0.6765136122703552 76799
1770682429861 0.6252440810203552 76895
1770682431938 0.6021758913993835 76991
1770682434032 0.6569063067436218 77087
1770682436138 0.6380704641342163 77183
1770682438250 0.6460238695144653 77279
1770682440344 0.6330372095108032 77375
1770682442422 0.6641445159912109 77471
1770682444503 0.6189860701560974 77567
1770682446808 0.6366066336631775 77663
1770682448933 0.6804444789886475 77759
1770682451047 0.5992274880409241 77855
1770682453128 0.6466501355171204 77951
1770682455257 0.6163997650146484 78047
1770682457377 0.6236303448677063 78143
1770682459505 0.5721802711486816 78239
1770682463165 0.6348426938056946 78335
1770682465271 0.6491381525993347 78431
1770682467388 0.6546315550804138 78527
1770682469478 0.6405258774757385 78623
1770682471587 0.644069492816925 78719
1770682473691 0.6295907497406006 78815
1770682476015 0.6343075037002563 78911
1770682478112 0.6571932435035706 79007
1770682480210 0.6042935848236084 79103
1770682482319 0.6372936367988586 79199
1770682484438 0.6209450960159302 79295
1770682486532 0.6408677101135254 79391
1770682488624 0.6144055128097534 79487
1770682490727 0.6606810092926025 79583
1770682492846 0.6022693514823914 79679
1770682494956 0.6155818104743958 79775
1770682497086 0.6816483736038208 79871
1770682499177 0.6506043672561646 79967
1770682501274 0.6181133985519409 80063
1770682503400 0.6476199626922607 80159
1770682505498 0.6431811451911926 80255
1770682507590 0.6461908221244812 80351
1770682509685 0.6494512557983398 80447
1770682511781 0.6308521032333374 80543
1770682513890 0.5996286869049072 80639
1770682515989 0.6393843293190002 80735
1770682518084 0.6735227108001709 80831
1770682520184 0.5951592922210693 80927
1770682522272 0.6285870671272278 81023
1770682524365 0.6587420105934143 81119
1770682526450 0.6273750066757202 81215
1770682528551 0.6133980751037598 81311
1770682530683 0.6179651618003845 81407
1770682532782 0.6067637801170349 81503
1770682534877 0.6337183713912964 81599
1770682538177 0.634850263595581 81695
1770682540285 0.6657443046569824 81791
1770682542389 0.6347711086273193 81887
1770682544478 0.6603158712387085 81983
1770682546571 0.6368685364723206 82079
1770682548885 0.6344558596611023 82175
1770682550977 0.6534283757209778 82271
1770682553073 0.6526759266853333 82367
1770682555174 0.6231319904327393 82463
1770682557289 0.6321920156478882 82559
1770682559405 0.6263234615325928 82655
1770682561499 0.5954404473304749 82751
1770682563585 0.6285111904144287 82847
1770682565713 0.6320862770080566 82943
1770682567818 0.6183449625968933 83039
1770682570128 0.648543655872345 83135
1770682572220 0.6397139430046082 83231
1770682574306 0.6734569668769836 83327
1770682576393 0.6305727362632751 83423
1770682578496 0.6469255685806274 83519
1770682580579 0.6254220008850098 83615
1770682582666 0.6201191544532776 83711
1770682584756 0.6392912864685059 83807
1770682586844 0.6293509602546692 83903
1770682588945 0.6470240354537964 83999
1770682591034 0.6383513808250427 84095
1770682593134 0.6295786499977112 84191
1770682595228 0.6356407999992371 84287
1770682597339 0.6533579230308533 84383
1770682599469 0.594270646572113 84479
1770682601626 0.6481317281723022 84575
1770682603730 0.6264378428459167 84671
1770682605843 0.6412047147750854 84767
1770682607936 0.6355467438697815 84863
1770682610038 0.6604172587394714 84959
1770682612128 0.6597639322280884 85055
1770682614220 0.6502671837806702 85151
1770682616317 0.6317034959793091 85247
1770682618420 0.6277839541435242 85343
1770682620522 0.6384403109550476 85439
1770682622626 0.6580659747123718 85535
1770682624731 0.6053531169891357 85631
1770682626832 0.6331354975700378 85727
1770682628956 0.632947564125061 85823
1770682631067 0.6396870613098145 85919
1770682633187 0.6411107778549194 86015
1770682635322 0.6118232011795044 86111
1770682637428 0.6563124060630798 86207
1770682639544 0.6402155756950378 86303
1770682641671 0.6216626167297363 86399
1770682644720 0.6371671557426453 86495
1770682646822 0.6314047574996948 86591
1770682648935 0.614193856716156 86687
1770682651049 0.6144862174987793 86783
1770682653184 0.635588526725769 86879
1770682655507 0.6362470984458923 86975
1770682657632 0.6307031512260437 87071
1770682659737 0.6319271922111511 87167
1770682661832 0.5968841314315796 87263
1770682663943 0.6532450318336487 87359
1770682666045 0.6391741633415222 87455
1770682668155 0.6546312570571899 87551
1770682670293 0.651598334312439 87647
1770682672410 0.6491943597793579 87743
1770682674534 0.6207423806190491 87839
1770682676653 0.6362506151199341 87935
1770682678750 0.6463660001754761 88031
1770682680848 0.6196139454841614 88127
1770682682948 0.5987311005592346 88223
1770682685062 0.6121397614479065 88319
1770682687183 0.6214529275894165 88415
1770682689279 0.6301124691963196 88511
1770682691377 0.6552249193191528 88607
1770682693485 0.6242519021034241 88703
1770682695590 0.6491556167602539 88799
1770682697694 0.6522577404975891 88895
1770682699791 0.6188086867332458 88991
1770682701889 0.6651611924171448 89087
1770682704007 0.6155827641487122 89183
1770682706121 0.6465880274772644 89279
1770682708209 0.6210434436798096 89375
1770682710304 0.6113391518592834 89471
1770682712403 0.6540325284004211 89567
1770682714501 0.6255213618278503 89663
1770682716622 0.6373471617698669 89759
1770682718728 0.6500559449195862 89855
1770682720828 0.6526974439620972 89951
1770682722921 0.6155213713645935 90047
1770682725026 0.6070272922515869 90143
1770682727131 0.6465039253234863 90239
1770682729222 0.5995662808418274 90335
1770682731324 0.6131843328475952 90431
1770682733423 0.6498478651046753 90527
1770682735518 0.6650418639183044 90623
1770682737636 0.6360127925872803 90719
1770682739755 0.5926225781440735 90815
1770682741845 0.6434252262115479 90911
1770682743942 0.658807635307312 91007
1770682746045 0.6274992227554321 91103
1770682748145 0.6358117461204529 91199
1770682751178 0.6227613687515259 91295
1770682753288 0.6031568646430969 91391
1770682755377 0.6499907374382019 91487
1770682757470 0.65703284740448 91583
1770682759570 0.6559411883354187 91679
1770682761682 0.6144400835037231 91775
1770682763777 0.6290162205696106 91871
1770682765873 0.6324669122695923 91967
1770682767966 0.6276832222938538 92063
1770682770067 0.6620994806289673 92159
1770682772160 0.6372869610786438 92255
1770682774282 0.6259456276893616 92351
1770682776367 0.5872178673744202 92447
1770682778472 0.6075953245162964 92543
1770682780591 0.6181700825691223 92639
1770682782681 0.6416724920272827 92735
1770682784779 0.6322981119155884 92831
1770682786861 0.6079999208450317 92927
1770682788960 0.6390131711959839 93023
1770682791062 0.6367383003234863 93119
1770682793148 0.6726847290992737 93215
1770682795236 0.6430370211601257 93311
1770682797337 0.6091194152832031 93407
1770682799436 0.6551422476768494 93503
1770682801542 0.6478672623634338 93599
1770682803631 0.6711856126785278 93695
1770682805722 0.6224746704101562 93791
1770682807840 0.6198447942733765 93887
1770682809933 0.6192582845687866 93983
1770682812032 0.6250432133674622 94079
1770682814127 0.6530042290687561 94175
1770682816204 0.6876593828201294 94271
1770682818290 0.6300392150878906 94367
1770682820371 0.6254715919494629 94463
1770682822471 0.6534540057182312 94559
1770682824571 0.6116713881492615 94655
1770682826656 0.6206543445587158 94751
1770682828742 0.62940514087677 94847
1770682830843 0.6601357460021973 94943
1770682833147 0.6607906222343445 95039
1770682835224 0.6151863932609558 95135
1770682837320 0.6127436757087708 95231
1770682839410 0.6178717017173767 95327
1770682841525 0.6396253705024719 95423
1770682843697 0.6405240297317505 95519
1770682845787 0.6693437099456787 95615
1770682848106 0.6090689301490784 95711
1770682850192 0.6133241653442383 95807
1770682852280 0.6035876274108887 95903
1770682854585 0.6280708312988281 95999
