1770680724708 0.0032782875932753086 95
1770680726779 0.0 191
1770680728864 0.0 287
1770680732078 5.431556928670034e-05 383
1770680734151 0.0034383274614810944 479
1770680736225 0.0014738582540303469 575
1770680738301 0.0028320234268903732 671
1770680740369 0.009813476353883743 767
1770680742426 0.009049126878380775 863
1770680744507 0.012916501611471176 959
1770680746654 0.030617836862802505 1055
1770680748737 0.022410567849874496 1151
1770680750802 0.03402337431907654 1247
1770680752933 0.027184627950191498 1343
1770680755016 0.03866991773247719 1439
1770680757098 0.05480856075882912 1535
1770680759184 0.053632646799087524 1631
1770680761256 0.05204487591981888 1727
1770680763335 0.035654086619615555 1823
1770680765415 0.052885498851537704 1919
1770680767484 0.05445793271064758 2015
1770680769580 0.061208728700876236 2111
1770680771652 0.07313361763954163 2207
1770680773727 0.08060216903686523 2303
1770680775824 0.09221410006284714 2399
1770680777907 0.08363372087478638 2495
1770680779997 0.09202907234430313 2591
1770680782078 0.10011547803878784 2687
1770680784152 0.08662772178649902 2783
1770680786274 0.09878403693437576 2879
1770680788358 0.09195127338171005 2975
1770680790443 0.11054283380508423 3071
1770680792532 0.09654390066862106 3167
1770680794625 0.10970395058393478 3263
1770680796730 0.1135539561510086 3359
1770680798834 0.1110038161277771 3455
1770680800918 0.10472600907087326 3551
1770680803010 0.11777149885892868 3647
1770680805097 0.11279893666505814 3743
1770680807198 0.10533545166254044 3839
1770680809295 0.11437245458364487 3935
1770680811378 0.10366548597812653 4031
1770680813467 0.12979401648044586 4127
1770680815567 0.1049625501036644 4223
1770680817662 0.13330893218517303 4319
1770680819771 0.13377225399017334 4415
1770680821852 0.12867125868797302 4511
1770680823943 0.14284154772758484 4607
1770680826036 0.13539551198482513 4703
1770680828125 0.13327637314796448 4799
1770680831147 0.14143450558185577 4895
1770680833249 0.1332855224609375 4991
1770680835342 0.14059963822364807 5087
1770680837439 0.1505272537469864 5183
1770680839535 0.13537903130054474 5279
1770680841624 0.14915065467357635 5375
1770680843726 0.14110679924488068 5471
1770680845815 0.13146689534187317 5567
1770680847909 0.14318278431892395 5663
1770680850024 0.14202432334423065 5759
1770680852120 0.14283424615859985 5855
1770680854267 0.15680965781211853 5951
1770680856353 0.13914687931537628 6047
1770680858442 0.1572847217321396 6143
1770680860552 0.1388896256685257 6239
1770680862633 0.15578751266002655 6335
1770680864733 0.1657441258430481 6431
1770680867005 0.1574927121400833 6527
1770680869099 0.15862834453582764 6623
1770680871205 0.1506209522485733 6719
1770680873295 0.16879165172576904 6815
1770680875383 0.17130650579929352 6911
1770680877470 0.16243930160999298 7007
1770680879549 0.16670583188533783 7103
1770680881663 0.17915301024913788 7199
1770680883771 0.17025065422058105 7295
1770680885868 0.1802251785993576 7391
1770680887962 0.17704689502716064 7487
1770680890067 0.18812555074691772 7583
1770680892167 0.16434943675994873 7679
1770680894264 0.17115308344364166 7775
1770680896351 0.17562702298164368 7871
1770680898448 0.18106605112552643 7967
1770680900544 0.1746467649936676 8063
1770680902653 0.17211595177650452 8159
1770680904752 0.189228817820549 8255
1770680906867 0.17360711097717285 8351
1770680908958 0.18549251556396484 8447
1770680911054 0.17786933481693268 8543
1770680913163 0.1823694258928299 8639
1770680915259 0.1750720590353012 8735
1770680917364 0.17763006687164307 8831
1770680919454 0.1749257743358612 8927
1770680921563 0.1831941455602646 9023
1770680923674 0.18368640542030334 9119
1770680925768 0.18452446162700653 9215
1770680927860 0.18992112576961517 9311
1770680929963 0.19073614478111267 9407
1770680932064 0.19474491477012634 9503
1770680934165 0.1821908801794052 9599
1770680937215 0.20068968832492828 9695
1770680939316 0.17577391862869263 9791
1770680941427 0.18943725526332855 9887
1770680943523 0.18699000775814056 9983
1770680945625 0.18289020657539368 10079
1770680947717 0.19380246102809906 10175
1770680949815 0.16860021650791168 10271
1770680951918 0.19383865594863892 10367
1770680954023 0.1946038454771042 10463
1770680956130 0.18621370196342468 10559
1770680958236 0.19207024574279785 10655
1770680960344 0.1945098340511322 10751
1770680962449 0.18055908381938934 10847
1770680964551 0.18685878813266754 10943
1770680966653 0.19548346102237701 11039
1770680968749 0.1913008689880371 11135
1770680970862 0.19685637950897217 11231
1770680972963 0.19327540695667267 11327
1770680975062 0.1887620985507965 11423
1770680977175 0.1895236223936081 11519
1770680979270 0.18046681582927704 11615
1770680981382 0.19076496362686157 11711
1770680983507 0.1981562376022339 11807
1770680985608 0.19286085665225983 11903
1770680987718 0.1828169822692871 11999
1770680989816 0.18580679595470428 12095
1770680991917 0.18332520127296448 12191
1770680994027 0.19271089136600494 12287
1770680996115 0.18745729327201843 12383
1770680998220 0.18157142400741577 12479
1770681000326 0.18725332617759705 12575
1770681002425 0.20353282988071442 12671
1770681004535 0.18542444705963135 12767
1770681006634 0.1887037307024002 12863
1770681008738 0.17156982421875 12959
1770681010832 0.20081402361392975 13055
1770681012925 0.1861015111207962 13151
1770681015013 0.16812457144260406 13247
1770681017111 0.17865033447742462 13343
1770681019204 0.1913815140724182 13439
1770681021309 0.17874401807785034 13535
1770681023418 0.18539273738861084 13631
1770681025504 0.19849006831645966 13727
1770681027607 0.21034541726112366 13823
1770681029714 0.19625648856163025 13919
1770681031824 0.18805059790611267 14015
1770681033919 0.1937507688999176 14111
1770681035999 0.1815977245569229 14207
1770681038091 0.17417903244495392 14303
1770681040221 0.19323058426380157 14399
1770681043458 0.19158786535263062 14495
1770681045557 0.19395174086093903 14591
1770681047646 0.1922796070575714 14687
1770681049741 0.20814509689807892 14783
1770681051852 0.17790162563323975 14879
1770681053935 0.18483604490756989 14975
1770681056026 0.18484343588352203 15071
1770681058125 0.20711174607276917 15167
1770681060205 0.18236613273620605 15263
1770681062317 0.1878456175327301 15359
1770681064404 0.20295418798923492 15455
1770681066492 0.1929291933774948 15551
1770681068580 0.18144331872463226 15647
1770681070663 0.18750689923763275 15743
1770681072757 0.17001359164714813 15839
1770681074868 0.17541858553886414 15935
1770681077624 0.17006932199001312 16031
1770681079714 0.19339114427566528 16127
1770681082003 0.18577274680137634 16223
1770681084097 0.17492373287677765 16319
1770681086182 0.1764240860939026 16415
1770681088249 0.20188917219638824 16511
1770681090333 0.203860804438591 16607
1770681092433 0.19187885522842407 16703
1770681094518 0.18253085017204285 16799
1770681096626 0.195376917719841 16895
1770681098710 0.18770724534988403 16991
1770681100786 0.19847844541072845 17087
1770681102888 0.1898210048675537 17183
1770681104968 0.17354407906532288 17279
1770681107041 0.19008812308311462 17375
1770681109144 0.18170513212680817 17471
1770681111221 0.1762634962797165 17567
1770681113308 0.17713910341262817 17663
1770681115404 0.18685494363307953 17759
1770681117487 0.1836039423942566 17855
1770681119589 0.18923792243003845 17951
1770681121683 0.19433942437171936 18047
1770681123755 0.1963377296924591 18143
1770681125869 0.19360965490341187 18239
1770681127949 0.19623342156410217 18335
1770681130036 0.19546975195407867 18431
1770681132144 0.18736957013607025 18527
1770681134228 0.18240976333618164 18623
1770681136318 0.19347409904003143 18719
1770681138409 0.18111051619052887 18815
1770681140488 0.18382486701011658 18911
1770681142567 0.17338614165782928 19007
1770681144684 0.19322027266025543 19103
1770681146793 0.18257401883602142 19199
1770681149823 0.1759292334318161 19295
1770681151908 0.18188735842704773 19391
1770681154002 0.17283838987350464 19487
1770681156102 0.17721965909004211 19583
1770681158211 0.1827993541955948 19679
1770681160317 0.18499097228050232 19775
1770681162799 0.19172780215740204 19871
1770681165610 0.18984650075435638 19967
1770681167706 0.19253697991371155 20063
1770681169798 0.18488138914108276 20159
1770681171907 0.18574348092079163 20255
1770681174068 0.17875398695468903 20351
1770681176153 0.18135148286819458 20447
1770681178261 0.18011422455310822 20543
1770681180377 0.17567136883735657 20639
1770681182479 0.18378762900829315 20735
1770681184578 0.18495126068592072 20831
1770681186666 0.17929314076900482 20927
1770681188757 0.19280841946601868 21023
1770681190863 0.1836148053407669 21119
1770681192950 0.19241878390312195 21215
1770681195061 0.1900610327720642 21311
1770681197164 0.19345860183238983 21407
1770681199257 0.17834313213825226 21503
1770681201378 0.1897672861814499 21599
1770681203465 0.20120735466480255 21695
1770681205564 0.1875925064086914 21791
1770681207662 0.19572530686855316 21887
1770681209756 0.1934831142425537 21983
1770681211878 0.18540503084659576 22079
1770681213981 0.18126121163368225 22175
1770681216076 0.17216868698596954 22271
1770681218218 0.1836872547864914 22367
1770681220330 0.17913272976875305 22463
1770681222447 0.18654651939868927 22559
1770681224555 0.1820961833000183 22655
1770681226674 0.19312553107738495 22751
1770681228776 0.18927961587905884 22847
1770681230901 0.19081546366214752 22943
1770681233013 0.19642555713653564 23039
1770681235143 0.18301647901535034 23135
1770681237246 0.19902382791042328 23231
1770681239343 0.17113105952739716 23327
1770681241446 0.19290655851364136 23423
1770681243572 0.1864430159330368 23519
1770681245673 0.1966012865304947 23615
1770681247782 0.18554233014583588 23711
1770681249872 0.18932388722896576 23807
1770681251969 0.1848670244216919 23903
1770681254091 0.1843208372592926 23999
1770681257132 0.18282601237297058 24095
1770681259237 0.18504038453102112 24191
1770681261354 0.19361455738544464 24287
1770681263459 0.19575469195842743 24383
1770681265582 0.19629517197608948 24479
1770681267677 0.20100969076156616 24575
1770681269783 0.19060508906841278 24671
1770681271886 0.18271325528621674 24767
1770681273977 0.16886381804943085 24863
1770681276095 0.18449926376342773 24959
1770681278189 0.19455234706401825 25055
1770681280280 0.1939353197813034 25151
1770681282394 0.17320358753204346 25247
1770681284494 0.1916544884443283 25343
1770681286626 0.16587546467781067 25439
1770681288726 0.19922146201133728 25535
1770681290821 0.1943071186542511 25631
1770681292932 0.19385451078414917 25727
1770681295041 0.18555733561515808 25823
1770681297143 0.1886928528547287 25919
1770681299248 0.19669601321220398 26015
1770681301337 0.18557089567184448 26111
1770681303458 0.1883610486984253 26207
1770681305560 0.18173454701900482 26303
1770681307673 0.1807384192943573 26399
1770681309792 0.18329259753227234 26495
1770681311900 0.203948512673378 26591
1770681313987 0.18872620165348053 26687
1770681316106 0.19175319373607635 26783
1770681318215 0.18424442410469055 26879
1770681320317 0.1723521500825882 26975
1770681322429 0.1836802065372467 27071
1770681324533 0.17422959208488464 27167
1770681326636 0.18746399879455566 27263
1770681328741 0.19097468256950378 27359
1770681330839 0.1950482428073883 27455
1770681332950 0.18766134977340698 27551
1770681335047 0.19977936148643494 27647
1770681337164 0.19043871760368347 27743
1770681339288 0.1889485865831375 27839
1770681341383 0.19358323514461517 27935
1770681343491 0.18935032188892365 28031
1770681345591 0.17655637860298157 28127
1770681347694 0.18028223514556885 28223
1770681349827 0.18464820086956024 28319
1770681351920 0.18454764783382416 28415
1770681354020 0.19558225572109222 28511
1770681356119 0.19512677192687988 28607
1770681358213 0.1705666482448578 28703
1770681360320 0.1696563959121704 28799
1770681363603 0.1929563730955124 28895
1770681365719 0.17976629734039307 28991
1770681367810 0.19816043972969055 29087
1770681369895 0.2021879404783249 29183
1770681372037 0.17752307653427124 29279
1770681374128 0.2007952481508255 29375
1770681376216 0.1749911606311798 29471
1770681378319 0.20076605677604675 29567
1770681380412 0.1850915253162384 29663
1770681382535 0.17595209181308746 29759
1770681384660 0.19560129940509796 29855
1770681386753 0.19884634017944336 29951
1770681388845 0.2000790536403656 30047
1770681390969 0.1942225992679596 30143
1770681393072 0.18484699726104736 30239
1770681395162 0.18813079595565796 30335
1770681397251 0.17103566229343414 30431
1770681399349 0.18447089195251465 30527
1770681401455 0.17244869470596313 30623
1770681403553 0.17208299040794373 30719
1770681405659 0.20741796493530273 30815
1770681407769 0.19339759647846222 30911
1770681409859 0.17449341714382172 31007
1770681411957 0.19655445218086243 31103
1770681414058 0.18918217718601227 31199
1770681416158 0.18756885826587677 31295
1770681418278 0.17448224127292633 31391
1770681420374 0.20242232084274292 31487
1770681422467 0.19070518016815186 31583
1770681424586 0.1928674429655075 31679
1770681426680 0.19656674563884735 31775
1770681428778 0.187466099858284 31871
1770681430865 0.19173003733158112 31967
1770681432962 0.19640137255191803 32063
1770681435090 0.18197032809257507 32159
1770681437189 0.18961560726165771 32255
1770681439286 0.19655418395996094 32351
1770681441398 0.17822164297103882 32447
1770681443492 0.19503667950630188 32543
1770681445608 0.19648504257202148 32639
1770681447702 0.18042393028736115 32735
1770681449791 0.18295039236545563 32831
1770681451907 0.17990723252296448 32927
1770681453998 0.1980299949645996 33023
1770681456104 0.19187287986278534 33119
1770681458237 0.19321933388710022 33215
1770681460332 0.18353816866874695 33311
1770681462432 0.19684070348739624 33407
1770681464539 0.17353062331676483 33503
1770681466636 0.18379217386245728 33599
1770681469896 0.17122051119804382 33695
1770681471990 0.18258842825889587 33791
1770681474101 0.1924498826265335 33887
1770681476214 0.1854993849992752 33983
1770681478321 0.18938328325748444 34079
1770681480419 0.1760631650686264 34175
1770681482514 0.16384905576705933 34271
1770681484610 0.18733984231948853 34367
1770681486727 0.18277138471603394 34463
1770681488825 0.17928431928157806 34559
1770681490923 0.18195313215255737 34655
1770681493044 0.19571161270141602 34751
1770681495352 0.1851927489042282 34847
1770681497461 0.20134931802749634 34943
1770681499585 0.1722244769334793 35039
1770681501685 0.18376633524894714 35135
1770681503797 0.1801138073205948 35231
1770681505889 0.19320152699947357 35327
1770681508193 0.18846425414085388 35423
1770681510330 0.1820434033870697 35519
1770681512421 0.18824708461761475 35615
1770681514518 0.18759788572788239 35711
1770681516617 0.1762256622314453 35807
1770681518710 0.18120592832565308 35903
1770681520832 0.1754782795906067 35999
1770681522928 0.18243560194969177 36095
1770681525020 0.18464475870132446 36191
1770681527142 0.1658145934343338 36287
1770681529235 0.16080547869205475 36383
1770681531342 0.19257082045078278 36479
1770681533449 0.18812961876392365 36575
1770681535543 0.18938814103603363 36671
1770681537633 0.19349759817123413 36767
1770681539731 0.18169373273849487 36863
1770681541835 0.19649450480937958 36959
1770681543936 0.1701047271490097 37055
1770681546038 0.1889927089214325 37151
1770681548134 0.1726502627134323 37247
1770681550224 0.17946654558181763 37343
1770681552327 0.18894384801387787 37439
1770681554417 0.182508647441864 37535
1770681556517 0.18084734678268433 37631
1770681558829 0.19959756731987 37727
1770681560950 0.20187515020370483 37823
1770681563073 0.1800556629896164 37919
1770681565158 0.16688208281993866 38015
1770681567250 0.1891179233789444 38111
1770681569354 0.17808309197425842 38207
1770681571448 0.19473102688789368 38303
1770681573559 0.21025864779949188 38399
1770681576610 0.17448337376117706 38495
1770681578723 0.18968725204467773 38591
1770681580814 0.18945306539535522 38687
1770681582903 0.18945784866809845 38783
1770681585005 0.19274510443210602 38879
1770681587106 0.2005140781402588 38975
1770681589221 0.1809227019548416 39071
1770681591322 0.18963104486465454 39167
1770681593900 0.19055642187595367 39263
1770681596890 0.16345006227493286 39359
1770681598988 0.18826696276664734 39455
1770681601096 0.20010186731815338 39551
1770681603253 0.20165061950683594 39647
1770681605362 0.1849876344203949 39743
1770681607476 0.1731927990913391 39839
1770681609572 0.19418540596961975 39935
1770681611678 0.17118389904499054 40031
1770681613780 0.18112967908382416 40127
1770681615882 0.1733381748199463 40223
1770681617986 0.1847703903913498 40319
1770681620076 0.19159750640392303 40415
1770681622176 0.19545230269432068 40511
1770681624292 0.197400763630867 40607
1770681626380 0.1773732304573059 40703
1770681628474 0.19497787952423096 40799
1770681630596 0.1792277693748474 40895
1770681632696 0.20245672762393951 40991
1770681634793 0.19080141186714172 41087
1770681636880 0.1767723560333252 41183
1770681638996 0.17008502781391144 41279
1770681641105 0.18188318610191345 41375
1770681643207 0.17658765614032745 41471
1770681645290 0.18476153910160065 41567
1770681647397 0.1803261637687683 41663
1770681649516 0.19026118516921997 41759
1770681651606 0.19844499230384827 41855
1770681653703 0.18151170015335083 41951
1770681655793 0.19720108807086945 42047
1770681657912 0.19415655732154846 42143
1770681660105 0.1825675070285797 42239
1770681662201 0.186959370970726 42335
1770681664312 0.1941327154636383 42431
1770681666415 0.1910596340894699 42527
1770681668510 0.19745466113090515 42623
1770681670613 0.19463790953159332 42719
1770681672702 0.18959368765354156 42815
1770681674805 0.19594454765319824 42911
1770681676913 0.1936265379190445 43007
1770681678992 0.18673570454120636 43103
1770681681106 0.1914387196302414 43199
1770681684385 0.19056560099124908 43295
1770681686523 0.19013114273548126 43391
1770681688650 0.17646168172359467 43487
1770681690744 0.1838657557964325 43583
1770681692860 0.1949714720249176 43679
1770681694951 0.18375177681446075 43775
1770681697046 0.1780535727739334 43871
1770681699163 0.182120218873024 43967
1770681701260 0.193665012717247 44063
1770681703364 0.2049153745174408 44159
1770681705470 0.2017921805381775 44255
1770681707552 0.19115158915519714 44351
1770681709657 0.1831369251012802 44447
1770681711759 0.1894230842590332 44543
1770681713878 0.20955482125282288 44639
1770681715979 0.17983412742614746 44735
1770681718074 0.1829046905040741 44831
1770681720177 0.1766023486852646 44927
1770681722277 0.19491234421730042 45023
1770681724374 0.18834732472896576 45119
1770681726465 0.18061566352844238 45215
1770681728578 0.17751266062259674 45311
1770681730681 0.18301887810230255 45407
1770681732785 0.17328359186649323 45503
1770681734897 0.1775815635919571 45599
1770681736999 0.19830037653446198 45695
1770681739106 0.18814121186733246 45791
1770681741205 0.19074159860610962 45887
1770681743302 0.1890832483768463 45983
1770681745420 0.1828444004058838 46079
1770681747522 0.19093060493469238 46175
1770681749618 0.19446316361427307 46271
1770681751743 0.1870327591896057 46367
1770681753855 0.19202299416065216 46463
1770681755963 0.17720364034175873 46559
1770681758058 0.18132108449935913 46655
1770681760144 0.1892768293619156 46751
1770681762271 0.18872033059597015 46847
1770681764591 0.19178584218025208 46943
1770681766702 0.18246176838874817 47039
1770681768839 0.18849609792232513 47135
1770681770937 0.20016396045684814 47231
1770681773033 0.18103015422821045 47327
1770681775138 0.19886785745620728 47423
1770681777229 0.18995387852191925 47519
1770681779329 0.1879332810640335 47615
1770681781428 0.18279395997524261 47711
1770681783519 0.18151310086250305 47807
1770681785627 0.18690188229084015 47903
1770681787733 0.1829594075679779 47999
1770681790782 0.17871813476085663 48095
1770681792894 0.19243060052394867 48191
1770681794980 0.19321925938129425 48287
1770681797090 0.20125000178813934 48383
1770681799204 0.1937447339296341 48479
1770681801302 0.18304327130317688 48575
1770681803415 0.18581725656986237 48671
1770681805507 0.1920577585697174 48767
1770681807594 0.17750713229179382 48863
1770681809706 0.18552471697330475 48959
1770681811806 0.17747017741203308 49055
1770681813921 0.18473675847053528 49151
1770681816021 0.17574767768383026 49247
1770681818109 0.17508137226104736 49343
1770681820247 0.19384250044822693 49439
1770681822356 0.20016291737556458 49535
1770681824453 0.2017013281583786 49631
1770681826550 0.19735902547836304 49727
1770681828637 0.19171959161758423 49823
1770681830753 0.2034347504377365 49919
1770681832848 0.1787165105342865 50015
1770681834931 0.20398752391338348 50111
1770681837039 0.193583682179451 50207
1770681839153 0.18144598603248596 50303
1770681841248 0.18678267300128937 50399
1770681843778 0.17871566116809845 50495
1770681845864 0.18550457060337067 50591
1770681847968 0.19649487733840942 50687
1770681850073 0.19347022473812103 50783
1770681852174 0.1856505125761032 50879
1770681854272 0.1832604855298996 50975
1770681856399 0.18861328065395355 51071
1770681858502 0.17953769862651825 51167
1770681860611 0.16947169601917267 51263
1770681862928 0.1813139170408249 51359
1770681865028 0.19436541199684143 51455
1770681867124 0.1975211203098297 51551
1770681869210 0.209975004196167 51647
1770681871314 0.17540352046489716 51743
1770681873447 0.2035668045282364 51839
1770681875551 0.19243310391902924 51935
1770681877653 0.19758294522762299 52031
1770681879760 0.17200902104377747 52127
1770681881867 0.19883660972118378 52223
1770681883999 0.18405096232891083 52319
1770681886094 0.17352035641670227 52415
1770681888187 0.19558283686637878 52511
1770681890318 0.19258300960063934 52607
1770681892419 0.2030627727508545 52703
1770681894526 0.20266523957252502 52799
1770681897576 0.18191009759902954 52895
1770681899672 0.19309641420841217 52991
1770681901758 0.1812427043914795 53087
1770681903848 0.17924438416957855 53183
1770681905956 0.18261747062206268 53279
1770681908068 0.19075800478458405 53375
1770681910152 0.18901647627353668 53471
1770681912249 0.1626947820186615 53567
1770681914358 0.1795174777507782 53663
1770681916459 0.18952031433582306 53759
1770681918561 0.19004949927330017 53855
1770681920653 0.16334524750709534 53951
1770681922735 0.15960700809955597 54047
1770681924832 0.19312387704849243 54143
1770681926932 0.19925826787948608 54239
1770681929017 0.18173252046108246 54335
1770681931112 0.17800751328468323 54431
1770681933197 0.1772349327802658 54527
1770681935285 0.18312415480613708 54623
1770681937384 0.19478614628314972 54719
1770681939468 0.18757149577140808 54815
1770681941584 0.19011497497558594 54911
1770681943701 0.185786172747612 55007
1770681945783 0.19453509151935577 55103
1770681947897 0.19451631605625153 55199
1770681949988 0.20635779201984406 55295
1770681952075 0.1790008395910263 55391
1770681954378 0.19577227532863617 55487
1770681956471 0.18431919813156128 55583
1770681958577 0.17557068169116974 55679
1770681960684 0.17920921742916107 55775
1770681962770 0.18508215248584747 55871
1770681964867 0.18373185396194458 55967
1770681966975 0.18037623167037964 56063
1770681969079 0.1884087175130844 56159
1770681971161 0.1877717524766922 56255
1770681973243 0.18944069743156433 56351
1770681975337 0.2168264538049698 56447
1770681977441 0.18486548960208893 56543
1770681979538 0.19383032619953156 56639
1770681981632 0.1982627660036087 56735
1770681983729 0.19309620559215546 56831
1770681985819 0.1695469170808792 56927
1770681987904 0.2046033889055252 57023
1770681990006 0.18207992613315582 57119
1770681992099 0.1875692754983902 57215
1770681994215 0.1826937198638916 57311
1770681996302 0.1912587285041809 57407
1770681998397 0.18890024721622467 57503
1770682000508 0.17437289655208588 57599
1770682003767 0.18566490709781647 57695
1770682005849 0.20383967459201813 57791
1770682007940 0.18195581436157227 57887
1770682010025 0.18102921545505524 57983
1770682012148 0.20390363037586212 58079
1770682014242 0.18423491716384888 58175
1770682016326 0.17885659635066986 58271
1770682018432 0.1965184360742569 58367
1770682020535 0.17946259677410126 58463
1770682022665 0.21094219386577606 58559
1770682024770 0.18127605319023132 58655
1770682027965 0.19014081358909607 58751
1770682030247 0.1855938881635666 58847
1770682032330 0.20196780562400818 58943
1770682034427 0.19516205787658691 59039
1770682036519 0.1761731505393982 59135
1770682038625 0.1661440134048462 59231
1770682040743 0.18576645851135254 59327
1770682042839 0.19050665199756622 59423
1770682044931 0.18808916211128235 59519
1770682047043 0.195561945438385 59615
1770682049141 0.18336382508277893 59711
1770682051231 0.1823645830154419 59807
1770682053543 0.1792750209569931 59903
1770682055642 0.18328365683555603 59999
1770682057768 0.18839001655578613 60095
1770682059851 0.19392766058444977 60191
1770682061934 0.1874559372663498 60287
1770682064042 0.1876956969499588 60383
1770682066151 0.19095203280448914 60479
1770682068228 0.1805737018585205 60575
1770682070316 0.204881489276886 60671
1770682072401 0.17952083051204681 60767
1770682074494 0.19077183306217194 60863
1770682076620 0.18733806908130646 60959
1770682078917 0.18848012387752533 61055
1770682081018 0.17770297825336456 61151
1770682083119 0.1916932910680771 61247
1770682085217 0.19374145567417145 61343
1770682087535 0.1850932389497757 61439
1770682089622 0.19016778469085693 61535
1770682091706 0.18790560960769653 61631
1770682093828 0.1894562691450119 61727
1770682095915 0.1903388351202011 61823
1770682098022 0.1992855817079544 61919
1770682100115 0.17573247849941254 62015
1770682102209 0.1823302060365677 62111
1770682104300 0.17751535773277283 62207
1770682106381 0.16262127459049225 62303
1770682108496 0.20795558393001556 62399
1770682111540 0.18252985179424286 62495
1770682113629 0.1831783503293991 62591
1770682115746 0.2158019244670868 62687
1770682117852 0.1967533975839615 62783
1770682119950 0.19106429815292358 62879
1770682122059 0.19838955998420715 62975
1770682124149 0.1950647085905075 63071
1770682126248 0.1895984411239624 63167
1770682128347 0.18972600996494293 63263
1770682130458 0.18892621994018555 63359
1770682132557 0.18802395462989807 63455
1770682134646 0.19324180483818054 63551
1770682136737 0.19493468105793 63647
1770682138836 0.1876465082168579 63743
1770682140931 0.19969066977500916 63839
1770682143036 0.1832493245601654 63935
1770682145125 0.20390090346336365 64031
1770682147221 0.20896664261817932 64127
1770682149334 0.19157451391220093 64223
1770682151430 0.1746642291545868 64319
1770682153520 0.19651813805103302 64415
1770682155626 0.19060373306274414 64511
1770682157714 0.18475373089313507 64607
1770682159901 0.1934293508529663 64703
1770682161995 0.19029174745082855 64799
1770682164084 0.1758376508951187 64895
1770682166179 0.2169419527053833 64991
1770682168280 0.19596825540065765 65087
1770682170371 0.1949535608291626 65183
1770682172495 0.20485123991966248 65279
1770682174583 0.17934758961200714 65375
1770682176673 0.17859095335006714 65471
1770682178756 0.18528704345226288 65567
1770682180842 0.18145935237407684 65663
1770682182943 0.20374512672424316 65759
1770682185029 0.19397448003292084 65855
1770682187123 0.18505144119262695 65951
1770682189381 0.1919192522764206 66047
1770682191525 0.17893284559249878 66143
1770682193665 0.1712137758731842 66239
1770682195755 0.18960200250148773 66335
1770682197834 0.1907355636358261 66431
1770682199919 0.18624347448349 66527
1770682202001 0.1822514533996582 66623
1770682204251 0.17576216161251068 66719
1770682206513 0.18371796607971191 66815
1770682208762 0.20197579264640808 66911
1770682210851 0.1938610076904297 67007
1770682212940 0.17826306819915771 67103
1770682215048 0.18905676901340485 67199
1770682218298 0.19294707477092743 67295
1770682220377 0.18863233923912048 67391
1770682222460 0.18716241419315338 67487
1770682224585 0.19265204668045044 67583
1770682226718 0.19496260583400726 67679
1770682228810 0.18956886231899261 67775
1770682230898 0.17201411724090576 67871
1770682232989 0.19908539950847626 67967
1770682235073 0.19151927530765533 68063
1770682237168 0.17886954545974731 68159
1770682239249 0.17734628915786743 68255
1770682241340 0.18793629109859467 68351
1770682243417 0.1760435402393341 68447
1770682245503 0.17999695241451263 68543
1770682247590 0.18034227192401886 68639
1770682249670 0.18264959752559662 68735
1770682251746 0.18245704472064972 68831
1770682253820 0.1892801821231842 68927
1770682255906 0.18547149002552032 69023
1770682258110 0.18951180577278137 69119
1770682260203 0.1940251588821411 69215
1770682262296 0.18557152152061462 69311
1770682264380 0.1727670282125473 69407
1770682266462 0.18713976442813873 69503
1770682268552 0.19348931312561035 69599
1770682270628 0.19313837587833405 69695
1770682272716 0.19047001004219055 69791
1770682274800 0.17343667149543762 69887
1770682276886 0.18324686586856842 69983
1770682278974 0.1784001588821411 70079
1770682281059 0.18064065277576447 70175
1770682283147 0.19511213898658752 70271
1770682285233 0.19046883285045624 70367
1770682287304 0.1800425499677658 70463
1770682289394 0.1834581345319748 70559
1770682291531 0.1852373331785202 70655
1770682293617 0.18878044188022614 70751
1770682295697 0.19643603265285492 70847
1770682297786 0.1765327900648117 70943
1770682299885 0.18465973436832428 71039
1770682301965 0.17892445623874664 71135
1770682304053 0.18118642270565033 71231
1770682306148 0.18325215578079224 71327
1770682308238 0.1827707141637802 71423
1770682310349 0.19208356738090515 71519
1770682312441 0.18515895307064056 71615
1770682314538 0.18530815839767456 71711
1770682316611 0.18446379899978638 71807
1770682318699 0.1975657045841217 71903
1770682320792 0.18030264973640442 71999
1770682323837 0.20137520134449005 72095
1770682325947 0.17374803125858307 72191
1770682328026 0.20575207471847534 72287
1770682330129 0.20269665122032166 72383
1770682332226 0.1960863620042801 72479
1770682334319 0.18874847888946533 72575
1770682336404 0.1871272176504135 72671
1770682338502 0.1761954426765442 72767
1770682340587 0.188344806432724 72863
1770682342689 0.18961210548877716 72959
1770682344769 0.18406830728054047 73055
1770682346869 0.1748422384262085 73151
1770682348974 0.20147603750228882 73247
1770682351071 0.19691208004951477 73343
1770682353174 0.17301449179649353 73439
1770682355266 0.1863047182559967 73535
1770682357390 0.18704864382743835 73631
1770682359511 0.19697853922843933 73727
1770682361593 0.1918037384748459 73823
1770682363690 0.18371327221393585 73919
1770682365795 0.191969633102417 74015
1770682367884 0.1921411007642746 74111
1770682369968 0.18514859676361084 74207
1770682372059 0.19440464675426483 74303
1770682374152 0.19151383638381958 74399
1770682376243 0.19803524017333984 74495
1770682378329 0.1787608414888382 74591
1770682380441 0.19300039112567902 74687
1770682382543 0.19153901934623718 74783
1770682384665 0.1900978833436966 74879
1770682386758 0.18639995157718658 74975
1770682388857 0.19993776082992554 75071
1770682390951 0.17551153898239136 75167
1770682393065 0.19250540435314178 75263
1770682395158 0.18858279287815094 75359
1770682397243 0.1877863109111786 75455
1770682399354 0.1970949023962021 75551
1770682401444 0.19489122927188873 75647
1770682403535 0.17237122356891632 75743
1770682405652 0.17735306918621063 75839
1770682407731 0.20552216470241547 75935
1770682409825 0.17951208353042603 76031
1770682411927 0.20140957832336426 76127
1770682414023 0.17486177384853363 76223
1770682416144 0.17662383615970612 76319
1770682418226 0.19355584681034088 76415
1770682420309 0.18377545475959778 76511
1770682422404 0.187591552734375 76607
1770682424498 0.1862889528274536 76703
1770682426615 0.20452484488487244 76799
1770682429861 0.18283246457576752 76895
1770682431938 0.1733572781085968 76991
1770682434032 0.19340360164642334 77087
1770682436138 0.1856880486011505 77183
1770682438250 0.18774409592151642 77279
1770682440344 0.1852714866399765 77375
1770682442422 0.19429554045200348 77471
1770682444503 0.17661498486995697 77567
1770682446808 0.19220903515815735 77663
1770682448933 0.20789074897766113 77759
1770682451047 0.18405382335186005 77855
1770682453128 0.17997172474861145 77951
1770682455257 0.17546172440052032 78047
1770682457377 0.19501379132270813 78143
1770682459505 0.174101322889328 78239
1770682463165 0.1849401891231537 78335
1770682465271 0.19474312663078308 78431
1770682467388 0.18520775437355042 78527
1770682469478 0.18916650116443634 78623
1770682471587 0.1811322271823883 78719
1770682473691 0.195635586977005 78815
1770682476015 0.1927284598350525 78911
1770682478112 0.19870807230472565 79007
1770682480210 0.1829167902469635 79103
1770682482319 0.19238528609275818 79199
1770682484438 0.1873571127653122 79295
1770682486532 0.17290492355823517 79391
1770682488624 0.1781914383172989 79487
1770682490727 0.1949993371963501 79583
1770682492846 0.18482117354869843 79679
1770682494956 0.18669897317886353 79775
1770682497086 0.19174596667289734 79871
1770682499177 0.1875607818365097 79967
1770682501274 0.17941071093082428 80063
1770682503400 0.19736026227474213 80159
1770682505498 0.20081761479377747 80255
1770682507590 0.18693092465400696 80351
1770682509685 0.19290179014205933 80447
1770682511781 0.18959230184555054 80543
1770682513890 0.1754550188779831 80639
1770682515989 0.1869797706604004 80735
1770682518084 0.18766266107559204 80831
1770682520184 0.17266449332237244 80927
1770682522272 0.19178184866905212 81023
1770682524365 0.2019328773021698 81119
1770682526450 0.1899048388004303 81215
1770682528551 0.1788187026977539 81311
1770682530683 0.18445724248886108 81407
1770682532782 0.17497684061527252 81503
1770682534877 0.17656460404396057 81599
1770682538177 0.19109420478343964 81695
1770682540285 0.18359902501106262 81791
1770682542389 0.19077807664871216 81887
1770682544478 0.19387806951999664 81983
1770682546571 0.19805613160133362 82079
1770682548885 0.2001163363456726 82175
1770682550977 0.2033274918794632 82271
1770682553073 0.19100673496723175 82367
1770682555174 0.18229836225509644 82463
1770682557289 0.187394917011261 82559
1770682559405 0.18361599743366241 82655
1770682561499 0.18461589515209198 82751
1770682563585 0.1957261562347412 82847
1770682565713 0.18437732756137848 82943
1770682567818 0.18308259546756744 83039
1770682570128 0.17840984463691711 83135
1770682572220 0.18216703832149506 83231
1770682574306 0.19752265512943268 83327
1770682576393 0.19810466468334198 83423
1770682578496 0.19315221905708313 83519
1770682580579 0.1863347887992859 83615
1770682582666 0.18618932366371155 83711
1770682584756 0.19039827585220337 83807
1770682586844 0.18842118978500366 83903
1770682588945 0.19314847886562347 83999
1770682591034 0.19035984575748444 84095
1770682593134 0.20431365072727203 84191
1770682595228 0.1975688338279724 84287
1770682597339 0.1849406659603119 84383
1770682599469 0.16460470855236053 84479
1770682601626 0.19992364943027496 84575
1770682603730 0.18495067954063416 84671
1770682605843 0.18557104468345642 84767
1770682607936 0.19144824147224426 84863
1770682610038 0.2094709873199463 84959
1770682612128 0.20430424809455872 85055
1770682614220 0.19042955338954926 85151
1770682616317 0.1907993108034134 85247
1770682618420 0.17706158757209778 85343
1770682620522 0.1946893185377121 85439
1770682622626 0.19324320554733276 85535
1770682624731 0.17491522431373596 85631
1770682626832 0.19486242532730103 85727
1770682628956 0.18614792823791504 85823
1770682631067 0.1892058402299881 85919
1770682633187 0.19012759625911713 86015
1770682635322 0.17340312898159027 86111
1770682637428 0.19854725897312164 86207
1770682639544 0.1902151256799698 86303
1770682641671 0.1834954172372818 86399
1770682644720 0.1887294501066208 86495
1770682646822 0.18204736709594727 86591
1770682648935 0.17838288843631744 86687
1770682651049 0.1779981553554535 86783
1770682653184 0.17924463748931885 86879
1770682655507 0.1910329908132553 86975
1770682657632 0.19687999784946442 87071
1770682659737 0.17467480897903442 87167
1770682661832 0.18532530963420868 87263
1770682663943 0.18958993256092072 87359
1770682666045 0.18620379269123077 87455
1770682668155 0.19731375575065613 87551
1770682670293 0.1869899332523346 87647
1770682672410 0.1940300315618515 87743
1770682674534 0.19588735699653625 87839
1770682676653 0.2064274698495865 87935
1770682678750 0.19585299491882324 88031
1770682680848 0.18416111171245575 88127
1770682682948 0.17360791563987732 88223
1770682685062 0.175210639834404 88319
1770682687183 0.19036881625652313 88415
1770682689279 0.17393115162849426 88511
1770682691377 0.18710722029209137 88607
1770682693485 0.17937995493412018 88703
1770682695590 0.19703231751918793 88799
1770682697694 0.19878800213336945 88895
1770682699791 0.19250641763210297 88991
1770682701889 0.20308418571949005 89087
1770682704007 0.19316497445106506 89183
1770682706121 0.1876269280910492 89279
1770682708209 0.17446057498455048 89375
1770682710304 0.16365911066532135 89471
1770682712403 0.18277154862880707 89567
1770682714501 0.19534486532211304 89663
1770682716622 0.18656015396118164 89759
1770682718728 0.1910289078950882 89855
1770682720828 0.1864098459482193 89951
1770682722921 0.18498489260673523 90047
1770682725026 0.1822504848241806 90143
1770682727131 0.1891496181488037 90239
1770682729222 0.19069619476795197 90335
1770682731324 0.17434218525886536 90431
1770682733423 0.18911565840244293 90527
1770682735518 0.1835235357284546 90623
1770682737636 0.1981842815876007 90719
1770682739755 0.18234650790691376 90815
1770682741845 0.18671222031116486 90911
1770682743942 0.19018769264221191 91007
1770682746045 0.1646798700094223 91103
1770682748145 0.1902066022157669 91199
1770682751178 0.19299422204494476 91295
1770682753288 0.1756332814693451 91391
1770682755377 0.19657166302204132 91487
1770682757470 0.19896189868450165 91583
1770682759570 0.1828799694776535 91679
1770682761682 0.1782100796699524 91775
1770682763777 0.19294768571853638 91871
1770682765873 0.18489289283752441 91967
1770682767966 0.1818891018629074 92063
1770682770067 0.20624177157878876 92159
1770682772160 0.1813555508852005 92255
1770682774282 0.1863044947385788 92351
1770682776367 0.16952143609523773 92447
1770682778472 0.17257757484912872 92543
1770682780591 0.1763555109500885 92639
1770682782681 0.17327190935611725 92735
1770682784779 0.186370387673378 92831
1770682786861 0.17600588500499725 92927
1770682788960 0.1885167360305786 93023
1770682791062 0.18140441179275513 93119
1770682793148 0.19639255106449127 93215
1770682795236 0.19687677919864655 93311
1770682797337 0.18135491013526917 93407
1770682799436 0.20567293465137482 93503
1770682801542 0.17791764438152313 93599
1770682803631 0.1926034688949585 93695
1770682805722 0.20234985649585724 93791
1770682807840 0.1820189505815506 93887
1770682809933 0.19082456827163696 93983
1770682812032 0.18212474882602692 94079
1770682814127 0.19734854996204376 94175
1770682816204 0.19201220571994781 94271
1770682818290 0.18426513671875 94367
1770682820371 0.1809537261724472 94463
1770682822471 0.19341063499450684 94559
1770682824571 0.18046660721302032 94655
1770682826656 0.17739559710025787 94751
1770682828742 0.17984752357006073 94847
1770682830843 0.19327031075954437 94943
1770682833147 0.17791327834129333 95039
1770682835224 0.18341699242591858 95135
1770682837320 0.19277912378311157 95231
1770682839410 0.1885424554347992 95327
1770682841525 0.20241574943065643 95423
1770682843697 0.1929250806570053 95519
1770682845787 0.19584161043167114 95615
1770682848106 0.1658487170934677 95711
1770682850192 0.18207119405269623 95807
1770682852280 0.17284566164016724 95903
1770682854585 0.1934623271226883 95999
