1770680724708 0.10895148664712906 95
1770680726779 0.046875666826963425 191
1770680728864 0.04437430575489998 287
1770680732078 0.04234462231397629 383
1770680734151 0.04024455323815346 479
1770680736225 0.039586566388607025 575
1770680738301 0.0378204807639122 671
1770680740369 0.037191081792116165 767
1770680742426 0.0356643907725811 863
1770680744507 0.03519708663225174 959
1770680746654 0.03460497781634331 1055
1770680748737 0.034983210265636444 1151
1770680750802 0.03491240739822388 1247
1770680752933 0.03369710221886635 1343
1770680755016 0.03277049958705902 1439
1770680757098 0.032185666263103485 1535
1770680759184 0.032712969928979874 1631
1770680761256 0.03211677446961403 1727
1770680763335 0.03225632756948471 1823
1770680765415 0.03207909315824509 1919
1770680767484 0.03129682317376137 2015
1770680769580 0.030808042734861374 2111
1770680771652 0.029641948640346527 2207
1770680773727 0.02903139963746071 2303
1770680775824 0.02845694124698639 2399
1770680777907 0.028607960790395737 2495
1770680779997 0.02813379280269146 2591
1770680782078 0.028188424184918404 2687
1770680784152 0.028302663937211037 2783
1770680786274 0.02829704061150551 2879
1770680788358 0.028264932334423065 2975
1770680790443 0.02825312688946724 3071
1770680792532 0.027980433776974678 3167
1770680794625 0.027590768411755562 3263
1770680796730 0.027488501742482185 3359
1770680798834 0.027555139735341072 3455
1770680800918 0.027359014376997948 3551
1770680803010 0.027422824874520302 3647
1770680805097 0.027458999305963516 3743
1770680807198 0.02719385176897049 3839
1770680809295 0.02699468843638897 3935
1770680811378 0.027284789830446243 4031
1770680813467 0.02701522968709469 4127
1770680815567 0.02689729817211628 4223
1770680817662 0.025501497089862823 4319
1770680819771 0.025223450735211372 4415
1770680821852 0.025308363139629364 4511
1770680823943 0.02517673745751381 4607
1770680826036 0.0252987127751112 4703
1770680828125 0.02512805350124836 4799
1770680831147 0.025225626304745674 4895
1770680833249 0.02503172680735588 4991
1770680835342 0.024866953492164612 5087
1770680837439 0.024738173931837082 5183
1770680839535 0.025108184665441513 5279
1770680841624 0.02481124736368656 5375
1770680843726 0.025002406910061836 5471
1770680845815 0.02506878785789013 5567
1770680847909 0.024861205369234085 5663
1770680850024 0.024294773116707802 5759
1770680852120 0.024110743775963783 5855
1770680854267 0.024080106988549232 5951
1770680856353 0.023834723979234695 6047
1770680858442 0.023787356913089752 6143
1770680860552 0.02377566508948803 6239
1770680862633 0.023701446130871773 6335
1770680864733 0.02372715249657631 6431
1770680867005 0.023844705894589424 6527
1770680869099 0.024137843400239944 6623
1770680871205 0.023761596530675888 6719
1770680873295 0.02372695319354534 6815
1770680875383 0.023608436807990074 6911
1770680877470 0.023681649938225746 7007
1770680879549 0.023459913209080696 7103
1770680881663 0.023400023579597473 7199
1770680883771 0.023421164602041245 7295
1770680885868 0.023395849391818047 7391
1770680887962 0.023430056869983673 7487
1770680890067 0.023009048774838448 7583
1770680892167 0.02316020242869854 7679
1770680894264 0.023029573261737823 7775
1770680896351 0.022964397445321083 7871
1770680898448 0.022976305335760117 7967
1770680900544 0.02297501266002655 8063
1770680902653 0.022988449782133102 8159
1770680904752 0.02278750203549862 8255
1770680906867 0.02288445644080639 8351
1770680908958 0.02276320569217205 8447
1770680911054 0.022936424240469933 8543
1770680913163 0.02263818122446537 8639
1770680915259 0.022712096571922302 8735
1770680917364 0.022790729999542236 8831
1770680919454 0.02252902276813984 8927
1770680921563 0.022425755858421326 9023
1770680923674 0.022466342896223068 9119
1770680925768 0.022461360320448875 9215
1770680927860 0.022453324869275093 9311
1770680929963 0.022421741858124733 9407
1770680932064 0.022468678653240204 9503
1770680934165 0.022392788901925087 9599
1770680937215 0.022332442924380302 9695
1770680939316 0.022320888936519623 9791
1770680941427 0.022310908883810043 9887
1770680943523 0.022306079044938087 9983
1770680945625 0.022278927266597748 10079
1770680947717 0.022245656698942184 10175
1770680949815 0.022312894463539124 10271
1770680951918 0.022183291614055634 10367
1770680954023 0.022163337096571922 10463
1770680956130 0.022451983764767647 10559
1770680958236 0.022297073155641556 10655
1770680960344 0.022195542231202126 10751
1770680962449 0.022327903658151627 10847
1770680964551 0.022197388112545013 10943
1770680966653 0.02243323065340519 11039
1770680968749 0.022253353148698807 11135
1770680970862 0.022260509431362152 11231
1770680972963 0.02214406058192253 11327
1770680975062 0.022251779213547707 11423
1770680977175 0.022168206050992012 11519
1770680979270 0.02224058471620083 11615
1770680981382 0.02225547842681408 11711
1770680983507 0.022261222824454308 11807
1770680985608 0.022118492051959038 11903
1770680987718 0.022177955135703087 11999
1770680989816 0.022263459861278534 12095
1770680991917 0.022244786843657494 12191
1770680994027 0.022309448570013046 12287
1770680996115 0.022198935970664024 12383
1770680998220 0.0223576370626688 12479
1770681000326 0.022146254777908325 12575
1770681002425 0.022158969193696976 12671
1770681004535 0.02217797189950943 12767
1770681006634 0.022248947992920876 12863
1770681008738 0.022169096395373344 12959
1770681010832 0.022292032837867737 13055
1770681012925 0.0221787728369236 13151
1770681015013 0.0223804023116827 13247
1770681017111 0.02241484262049198 13343
1770681019204 0.022207142785191536 13439
1770681021309 0.022290296852588654 13535
1770681023418 0.02224806323647499 13631
1770681025504 0.022237354889512062 13727
1770681027607 0.022222483530640602 13823
1770681029714 0.022123083472251892 13919
1770681031824 0.022456996142864227 14015
1770681033919 0.022175470367074013 14111
1770681035999 0.022265572100877762 14207
1770681038091 0.022390112280845642 14303
1770681040221 0.022100232541561127 14399
1770681043458 0.022066757082939148 14495
1770681045557 0.022288279607892036 14591
1770681047646 0.022176774218678474 14687
1770681049741 0.02223830483853817 14783
1770681051852 0.02217092365026474 14879
1770681053935 0.02213144116103649 14975
1770681056026 0.022273682057857513 15071
1770681058125 0.022223617881536484 15167
1770681060205 0.02247055433690548 15263
1770681062317 0.022176170721650124 15359
1770681064404 0.022291122004389763 15455
1770681066492 0.022188864648342133 15551
1770681068580 0.022281276062130928 15647
1770681070663 0.022400766611099243 15743
1770681072757 0.022191941738128662 15839
1770681074868 0.022158505395054817 15935
1770681077624 0.022167285904288292 16031
1770681079714 0.022198287770152092 16127
1770681082003 0.022205883637070656 16223
1770681084097 0.022188816219568253 16319
1770681086182 0.022183258086442947 16415
1770681088249 0.022162001579999924 16511
1770681090333 0.022120201960206032 16607
1770681092433 0.022089028730988503 16703
1770681094518 0.022337069734930992 16799
1770681096626 0.022332260385155678 16895
1770681098710 0.022246073931455612 16991
1770681100786 0.022193673998117447 17087
1770681102888 0.022135106846690178 17183
1770681104968 0.022303469479084015 17279
1770681107041 0.022156529128551483 17375
1770681109144 0.02219310961663723 17471
1770681111221 0.022311048582196236 17567
1770681113308 0.02226199023425579 17663
1770681115404 0.022168099880218506 17759
1770681117487 0.022252816706895828 17855
1770681119589 0.02217470295727253 17951
1770681121683 0.02215772122144699 18047
1770681123755 0.022142799571156502 18143
1770681125869 0.022284405305981636 18239
1770681127949 0.022250521928071976 18335
1770681130036 0.022329673171043396 18431
1770681132144 0.022191064432263374 18527
1770681134228 0.02217874675989151 18623
1770681136318 0.022292396053671837 18719
1770681138409 0.022174116224050522 18815
1770681140488 0.022128289565443993 18911
1770681142567 0.02220301516354084 19007
1770681144684 0.022326873615384102 19103
1770681146793 0.0222612451761961 19199
1770681149823 0.022332388907670975 19295
1770681151908 0.022153889760375023 19391
1770681154002 0.022187013179063797 19487
1770681156102 0.022368725389242172 19583
1770681158211 0.022188689559698105 19679
1770681160317 0.022289015352725983 19775
1770681162799 0.022214215248823166 19871
1770681165610 0.022178903222084045 19967
1770681167706 0.02216864749789238 20063
1770681169798 0.022286133840680122 20159
1770681171907 0.02217058278620243 20255
1770681174068 0.02217285893857479 20351
1770681176153 0.0221630297601223 20447
1770681178261 0.022268518805503845 20543
1770681180377 0.02230675145983696 20639
1770681182479 0.022232752293348312 20735
1770681184578 0.02212865836918354 20831
1770681186666 0.022229773923754692 20927
1770681188757 0.022133560851216316 21023
1770681190863 0.02221142314374447 21119
1770681192950 0.022304408252239227 21215
1770681195061 0.022328857332468033 21311
1770681197164 0.022229578346014023 21407
1770681199257 0.022228285670280457 21503
1770681201378 0.022357014939188957 21599
1770681203465 0.022176042199134827 21695
1770681205564 0.022202875465154648 21791
1770681207662 0.022209065034985542 21887
1770681209756 0.02217007242143154 21983
1770681211878 0.022203274071216583 22079
1770681213981 0.0222786758095026 22175
1770681216076 0.022326448932290077 22271
1770681218218 0.022187646478414536 22367
1770681220330 0.022191122174263 22463
1770681222447 0.022313056513667107 22559
1770681224555 0.022286634892225266 22655
1770681226674 0.022174548357725143 22751
1770681228776 0.022333551198244095 22847
1770681230901 0.02221066690981388 22943
1770681233013 0.022242451086640358 23039
1770681235143 0.022214572876691818 23135
1770681237246 0.022166235372424126 23231
1770681239343 0.02216719090938568 23327
1770681241446 0.022173477336764336 23423
1770681243572 0.02229788899421692 23519
1770681245673 0.0221859198063612 23615
1770681247782 0.022200290113687515 23711
1770681249872 0.022166406735777855 23807
1770681251969 0.022214943543076515 23903
1770681254091 0.022228572517633438 23999
1770681257132 0.02216915786266327 24095
1770681259237 0.02237437479197979 24191
1770681261354 0.022193124517798424 24287
1770681263459 0.022189859300851822 24383
1770681265582 0.022200653329491615 24479
1770681267677 0.02220752090215683 24575
1770681269783 0.02234158106148243 24671
1770681271886 0.022114399820566177 24767
1770681273977 0.022199073806405067 24863
1770681276095 0.022196663543581963 24959
1770681278189 0.022131070494651794 25055
1770681280280 0.022413592785596848 25151
1770681282394 0.022150514647364616 25247
1770681284494 0.022258467972278595 25343
1770681286626 0.0221834909170866 25439
1770681288726 0.022260788828134537 25535
1770681290821 0.022195816040039062 25631
1770681292932 0.022269248962402344 25727
1770681295041 0.02212843857705593 25823
1770681297143 0.02224902994930744 25919
1770681299248 0.022158296778798103 26015
1770681301337 0.022279761731624603 26111
1770681303458 0.022324619814753532 26207
1770681305560 0.022212108597159386 26303
1770681307673 0.022264666855335236 26399
1770681309792 0.022106701508164406 26495
1770681311900 0.022231731563806534 26591
1770681313987 0.022130582481622696 26687
1770681316106 0.02222605235874653 26783
1770681318215 0.02226264588534832 26879
1770681320317 0.022313134744763374 26975
1770681322429 0.022191381081938744 27071
1770681324533 0.022214381024241447 27167
1770681326636 0.02218674309551716 27263
1770681328741 0.02218737080693245 27359
1770681330839 0.0226023830473423 27455
1770681332950 0.02226855605840683 27551
1770681335047 0.022239485755562782 27647
1770681337164 0.022173436358571053 27743
1770681339288 0.02221163921058178 27839
1770681341383 0.022159134969115257 27935
1770681343491 0.022225914523005486 28031
1770681345591 0.022176163271069527 28127
1770681347694 0.02224796451628208 28223
1770681349827 0.022228818386793137 28319
1770681351920 0.022295020520687103 28415
1770681354020 0.02219647541642189 28511
1770681356119 0.0222008116543293 28607
1770681358213 0.022183578461408615 28703
1770681360320 0.022179290652275085 28799
1770681363603 0.022248534485697746 28895
1770681365719 0.022348878905177116 28991
1770681367810 0.02214401587843895 29087
1770681369895 0.02218650095164776 29183
1770681372037 0.022229842841625214 29279
1770681374128 0.022278718650341034 29375
1770681376216 0.022350860759615898 29471
1770681378319 0.022133080288767815 29567
1770681380412 0.022231170907616615 29663
1770681382535 0.02213805541396141 29759
1770681384660 0.022092659026384354 29855
1770681386753 0.02210678532719612 29951
1770681388845 0.022232158109545708 30047
1770681390969 0.022198373451828957 30143
1770681393072 0.022280124947428703 30239
1770681395162 0.02219538204371929 30335
1770681397251 0.02220739796757698 30431
1770681399349 0.02227122150361538 30527
1770681401455 0.022282104939222336 30623
1770681403553 0.022267000749707222 30719
1770681405659 0.022104501724243164 30815
1770681407769 0.022374354302883148 30911
1770681409859 0.022290047258138657 31007
1770681411957 0.02218792587518692 31103
1770681414058 0.02222280763089657 31199
1770681416158 0.02217249758541584 31295
1770681418278 0.022220434620976448 31391
1770681420374 0.022273225709795952 31487
1770681422467 0.02218298241496086 31583
1770681424586 0.022191833704710007 31679
1770681426680 0.022217484191060066 31775
1770681428778 0.022145070135593414 31871
1770681430865 0.022275829687714577 31967
1770681432962 0.02213253453373909 32063
1770681435090 0.022192491218447685 32159
1770681437189 0.022197678685188293 32255
1770681439286 0.02229028008878231 32351
1770681441398 0.02211739867925644 32447
1770681443492 0.02212849073112011 32543
1770681445608 0.02226734161376953 32639
1770681447702 0.02230236306786537 32735
1770681449791 0.022137204185128212 32831
1770681451907 0.022205328568816185 32927
1770681453998 0.022217994555830956 33023
1770681456104 0.02215549536049366 33119
1770681458237 0.02224983461201191 33215
1770681460332 0.022180374711751938 33311
1770681462432 0.022146647796034813 33407
1770681464539 0.022350560873746872 33503
1770681466636 0.022283660247921944 33599
1770681469896 0.02233283221721649 33695
1770681471990 0.0222086850553751 33791
1770681474101 0.02225486747920513 33887
1770681476214 0.022203003987669945 33983
1770681478321 0.022288765758275986 34079
1770681480419 0.022102657705545425 34175
1770681482514 0.022253721952438354 34271
1770681484610 0.022258752956986427 34367
1770681486727 0.022226478904485703 34463
1770681488825 0.022356098517775536 34559
1770681490923 0.02212364971637726 34655
1770681493044 0.022139467298984528 34751
1770681495352 0.022246288135647774 34847
1770681497461 0.022247470915317535 34943
1770681499585 0.022146742790937424 35039
1770681501685 0.02211386151611805 35135
1770681503797 0.0223393477499485 35231
1770681505889 0.022130228579044342 35327
1770681508193 0.022188063710927963 35423
1770681510330 0.02210555225610733 35519
1770681512421 0.0222430732101202 35615
1770681514518 0.02217576839029789 35711
1770681516617 0.022209743037819862 35807
1770681518710 0.022205527871847153 35903
1770681520832 0.02224438078701496 35999
1770681522928 0.02216634713113308 36095
1770681525020 0.02215077169239521 36191
1770681527142 0.02224118821322918 36287
1770681529235 0.02235373668372631 36383
1770681531342 0.022184468805789948 36479
1770681533449 0.022350572049617767 36575
1770681535543 0.022188350558280945 36671
1770681537633 0.02222355268895626 36767
1770681539731 0.02214234508574009 36863
1770681541835 0.022125843912363052 36959
1770681543936 0.022274045273661613 37055
1770681546038 0.022227972745895386 37151
1770681548134 0.02227816730737686 37247
1770681550224 0.02221095561981201 37343
1770681552327 0.022325722500681877 37439
1770681554417 0.022152407094836235 37535
1770681556517 0.022143783047795296 37631
1770681558829 0.022252418100833893 37727
1770681560950 0.022310389205813408 37823
1770681563073 0.022137664258480072 37919
1770681565158 0.022193778306245804 38015
1770681567250 0.02220289222896099 38111
1770681569354 0.022306891158223152 38207
1770681571448 0.022258801385760307 38303
1770681573559 0.022182928398251534 38399
1770681576610 0.022292468696832657 38495
1770681578723 0.02218136191368103 38591
1770681580814 0.022170450538396835 38687
1770681582903 0.022145461291074753 38783
1770681585005 0.022149095311760902 38879
1770681587106 0.0221707820892334 38975
1770681589221 0.022302625700831413 39071
1770681591322 0.02224481664597988 39167
1770681593900 0.022447675466537476 39263
1770681596890 0.022427372634410858 39359
1770681598988 0.02215011976659298 39455
1770681601096 0.022163627669215202 39551
1770681603253 0.022173091769218445 39647
1770681605362 0.022255253046751022 39743
1770681607476 0.02220051735639572 39839
1770681609572 0.022219989448785782 39935
1770681611678 0.022222187370061874 40031
1770681613780 0.022192565724253654 40127
1770681615882 0.022292567417025566 40223
1770681617986 0.022352853789925575 40319
1770681620076 0.022214366123080254 40415
1770681622176 0.022372063249349594 40511
1770681624292 0.022205263376235962 40607
1770681626380 0.02214793488383293 40703
1770681628474 0.022179115563631058 40799
1770681630596 0.022162191569805145 40895
1770681632696 0.02213752269744873 40991
1770681634793 0.022157389670610428 41087
1770681636880 0.022134527564048767 41183
1770681638996 0.02240058407187462 41279
1770681641105 0.022189518436789513 41375
1770681643207 0.022259816527366638 41471
1770681645290 0.022220538929104805 41567
1770681647397 0.02227138727903366 41663
1770681649516 0.022135281935334206 41759
1770681651606 0.02215927466750145 41855
1770681653703 0.022255809977650642 41951
1770681655793 0.022175010293722153 42047
1770681657912 0.022223958745598793 42143
1770681660105 0.022155271843075752 42239
1770681662201 0.022282054647803307 42335
1770681664312 0.022179381921887398 42431
1770681666415 0.022153416648507118 42527
1770681668510 0.022289283573627472 42623
1770681670613 0.02217874675989151 42719
1770681672702 0.022198351100087166 42815
1770681674805 0.022219814360141754 42911
1770681676913 0.022254550829529762 43007
1770681678992 0.0221758633852005 43103
1770681681106 0.022138915956020355 43199
1770681684385 0.022232120856642723 43295
1770681686523 0.022242950275540352 43391
1770681688650 0.022251224145293236 43487
1770681690744 0.02217872627079487 43583
1770681692860 0.02216310054063797 43679
1770681694951 0.022303426638245583 43775
1770681697046 0.022214217111468315 43871
1770681699163 0.02228301577270031 43967
1770681701260 0.022303735837340355 44063
1770681703364 0.02212522178888321 44159
1770681705470 0.022319599986076355 44255
1770681707552 0.02218281477689743 44351
1770681709657 0.02219795249402523 44447
1770681711759 0.022172341123223305 44543
1770681713878 0.02221377193927765 44639
1770681715979 0.022360943257808685 44735
1770681718074 0.022154085338115692 44831
1770681720177 0.022170646116137505 44927
1770681722277 0.02221737615764141 45023
1770681724374 0.02224065363407135 45119
1770681726465 0.0221527311950922 45215
1770681728578 0.022176142781972885 45311
1770681730681 0.022211888805031776 45407
1770681732785 0.02225213497877121 45503
1770681734897 0.02230883203446865 45599
1770681736999 0.022163497284054756 45695
1770681739106 0.02220895141363144 45791
1770681741205 0.0222313292324543 45887
1770681743302 0.022130973637104034 45983
1770681745420 0.02220584824681282 46079
1770681747522 0.022191831842064857 46175
1770681749618 0.022356977686285973 46271
1770681751743 0.02220091223716736 46367
1770681753855 0.022236721590161324 46463
1770681755963 0.022144563496112823 46559
1770681758058 0.022220801562070847 46655
1770681760144 0.0221475288271904 46751
1770681762271 0.022225793451070786 46847
1770681764591 0.022138699889183044 46943
1770681766702 0.022349810227751732 47039
1770681768839 0.022121010348200798 47135
1770681770937 0.022140007466077805 47231
1770681773033 0.02215336449444294 47327
1770681775138 0.02214941754937172 47423
1770681777229 0.022150838747620583 47519
1770681779329 0.022233033552765846 47615
1770681781428 0.02215312421321869 47711
1770681783519 0.022175107151269913 47807
1770681785627 0.022254936397075653 47903
1770681787733 0.022159172222018242 47999
1770681790782 0.022176461294293404 48095
1770681792894 0.022193854674696922 48191
1770681794980 0.022231891751289368 48287
1770681797090 0.02220105566084385 48383
1770681799204 0.022189104929566383 48479
1770681801302 0.022189877927303314 48575
1770681803415 0.022159183397889137 48671
1770681805507 0.02216697484254837 48767
1770681807594 0.022191807627677917 48863
1770681809706 0.022434566169977188 48959
1770681811806 0.02216245047748089 49055
1770681813921 0.02226562611758709 49151
1770681816021 0.02227267064154148 49247
1770681818109 0.022171979770064354 49343
1770681820247 0.022135399281978607 49439
1770681822356 0.022164730355143547 49535
1770681824453 0.0222017802298069 49631
1770681826550 0.022248581051826477 49727
1770681828637 0.02216600812971592 49823
1770681830753 0.022114982828497887 49919
1770681832848 0.022180119529366493 50015
1770681834931 0.022179648280143738 50111
1770681837039 0.022298531606793404 50207
1770681839153 0.0221807099878788 50303
1770681841248 0.022425347939133644 50399
1770681843778 0.022242141887545586 50495
1770681845864 0.022317519411444664 50591
1770681847968 0.02225530333817005 50687
1770681850073 0.022120296955108643 50783
1770681852174 0.022149328142404556 50879
1770681854272 0.022236742079257965 50975
1770681856399 0.022202681750059128 51071
1770681858502 0.0222224872559309 51167
1770681860611 0.022208545356988907 51263
1770681862928 0.022247804328799248 51359
1770681865028 0.022176245227456093 51455
1770681867124 0.022286931052803993 51551
1770681869210 0.02222905494272709 51647
1770681871314 0.022246479988098145 51743
1770681873447 0.02213524840772152 51839
1770681875551 0.022271763533353806 51935
1770681877653 0.02208261936903 52031
1770681879760 0.022204605862498283 52127
1770681881867 0.022273609414696693 52223
1770681883999 0.022191515192389488 52319
1770681886094 0.022251861169934273 52415
1770681888187 0.02214553952217102 52511
1770681890318 0.022129086777567863 52607
1770681892419 0.022180771455168724 52703
1770681894526 0.02211076021194458 52799
1770681897576 0.022299624979496002 52895
1770681899672 0.022301770746707916 52991
1770681901758 0.02222566120326519 53087
1770681903848 0.022289816290140152 53183
1770681905956 0.022191692143678665 53279
1770681908068 0.022165333852171898 53375
1770681910152 0.022274628281593323 53471
1770681912249 0.022288672626018524 53567
1770681914358 0.022157415747642517 53663
1770681916459 0.022215917706489563 53759
1770681918561 0.02224990911781788 53855
1770681920653 0.02217288501560688 53951
1770681922735 0.02229231223464012 54047
1770681924832 0.0221589133143425 54143
1770681926932 0.02211885154247284 54239
1770681929017 0.02219393290579319 54335
1770681931112 0.022243745625019073 54431
1770681933197 0.02222306840121746 54527
1770681935285 0.022088274359703064 54623
1770681937384 0.0221510399132967 54719
1770681939468 0.02236204594373703 54815
1770681941584 0.022142987698316574 54911
1770681943701 0.022257685661315918 55007
1770681945783 0.02220470830798149 55103
1770681947897 0.0222101379185915 55199
1770681949988 0.022240586578845978 55295
1770681952075 0.02222127839922905 55391
1770681954378 0.02221602015197277 55487
1770681956471 0.022304972633719444 55583
1770681958577 0.02217082679271698 55679
1770681960684 0.022119926288723946 55775
1770681962770 0.022250885143876076 55871
1770681964867 0.022201575338840485 55967
1770681966975 0.022376438602805138 56063
1770681969079 0.022182924672961235 56159
1770681971161 0.022200465202331543 56255
1770681973243 0.02214561402797699 56351
1770681975337 0.022407906129956245 56447
1770681977441 0.022350501269102097 56543
1770681979538 0.022195402532815933 56639
1770681981632 0.022155797109007835 56735
1770681983729 0.022248776629567146 56831
1770681985819 0.022224485874176025 56927
1770681987904 0.022253967821598053 57023
1770681990006 0.022155974060297012 57119
1770681992099 0.022182676941156387 57215
1770681994215 0.022231632843613625 57311
1770681996302 0.022334689274430275 57407
1770681998397 0.022152625024318695 57503
1770682000508 0.022310087457299232 57599
1770682003767 0.022151343524456024 57695
1770682005849 0.022309666499495506 57791
1770682007940 0.022349607199430466 57887
1770682010025 0.022311190143227577 57983
1770682012148 0.022182036191225052 58079
1770682014242 0.022229105234146118 58175
1770682016326 0.022256668657064438 58271
1770682018432 0.022252287715673447 58367
1770682020535 0.022239314392209053 58463
1770682022665 0.022216694429516792 58559
1770682024770 0.02242361195385456 58655
1770682027965 0.022189678624272346 58751
1770682030247 0.022220516577363014 58847
1770682032330 0.022216228768229485 58943
1770682034427 0.022127915173768997 59039
1770682036519 0.022343667224049568 59135
1770682038625 0.022240296006202698 59231
1770682040743 0.02216724492609501 59327
1770682042839 0.022275730967521667 59423
1770682044931 0.02214599773287773 59519
1770682047043 0.02219879999756813 59615
1770682049141 0.02215491235256195 59711
1770682051231 0.02217990718781948 59807
1770682053543 0.022290613502264023 59903
1770682055642 0.022263366729021072 59999
1770682057768 0.02220115438103676 60095
1770682059851 0.022141413763165474 60191
1770682061934 0.022185688838362694 60287
1770682064042 0.022272910922765732 60383
1770682066151 0.022182492539286613 60479
1770682068228 0.022257762029767036 60575
1770682070316 0.022243335843086243 60671
1770682072401 0.022172141820192337 60767
1770682074494 0.02216312289237976 60863
1770682076620 0.022195402532815933 60959
1770682078917 0.02218734472990036 61055
1770682081018 0.022189216688275337 61151
1770682083119 0.022271305322647095 61247
1770682085217 0.022239964455366135 61343
1770682087535 0.022293971851468086 61439
1770682089622 0.02217518351972103 61535
1770682091706 0.02210611291229725 61631
1770682093828 0.022197097539901733 61727
1770682095915 0.0222037211060524 61823
1770682098022 0.022155072540044785 61919
1770682100115 0.022169817239046097 62015
1770682102209 0.022275682538747787 62111
1770682104300 0.022281847894191742 62207
1770682106381 0.022265072911977768 62303
1770682108496 0.022181348875164986 62399
1770682111540 0.02243315614759922 62495
1770682113629 0.022135384380817413 62591
1770682115746 0.022400273010134697 62687
1770682117852 0.022236624732613564 62783
1770682119950 0.022199194878339767 62879
1770682122059 0.022160004824399948 62975
1770682124149 0.02215646579861641 63071
1770682126248 0.02215687185525894 63167
1770682128347 0.02223917283117771 63263
1770682130458 0.02213260903954506 63359
1770682132557 0.022189665585756302 63455
1770682134646 0.022240852937102318 63551
1770682136737 0.022243889048695564 63647
1770682138836 0.022265715524554253 63743
1770682140931 0.02225196547806263 63839
1770682143036 0.02231675572693348 63935
1770682145125 0.02223917655646801 64031
1770682147221 0.022154847159981728 64127
1770682149334 0.022296160459518433 64223
1770682151430 0.022283710539340973 64319
1770682153520 0.022140134125947952 64415
1770682155626 0.02220708131790161 64511
1770682157714 0.02225780487060547 64607
1770682159901 0.022206641733646393 64703
1770682161995 0.02219127118587494 64799
1770682164084 0.022141745314002037 64895
1770682166179 0.022165196016430855 64991
1770682168280 0.0222036000341177 65087
1770682170371 0.02217414788901806 65183
1770682172495 0.022095132619142532 65279
1770682174583 0.022210069000720978 65375
1770682176673 0.022281700745224953 65471
1770682178756 0.022388530895113945 65567
1770682180842 0.022183574736118317 65663
1770682182943 0.022210026159882545 65759
1770682185029 0.022162139415740967 65855
1770682187123 0.022231338545680046 65951
1770682189381 0.022215845063328743 66047
1770682191525 0.02214105613529682 66143
1770682193665 0.022315846756100655 66239
1770682195755 0.022314751520752907 66335
1770682197834 0.022266358137130737 66431
1770682199919 0.02242712490260601 66527
1770682202001 0.022212455049157143 66623
1770682204251 0.02216828241944313 66719
1770682206513 0.02224380150437355 66815
1770682208762 0.02212143875658512 66911
1770682210851 0.02210810035467148 67007
1770682212940 0.022298207506537437 67103
1770682215048 0.022241229191422462 67199
1770682218298 0.022284789010882378 67295
1770682220377 0.02215440385043621 67391
1770682222460 0.02226376160979271 67487
1770682224585 0.022153113037347794 67583
1770682226718 0.022277290001511574 67679
1770682228810 0.0221306923776865 67775
1770682230898 0.022202705964446068 67871
1770682232989 0.02222108282148838 67967
1770682235073 0.02219865284860134 68063
1770682237168 0.02217773348093033 68159
1770682239249 0.02250942774116993 68255
1770682241340 0.022244609892368317 68351
1770682243417 0.022301070392131805 68447
1770682245503 0.02220078557729721 68543
1770682247590 0.02216845564544201 68639
1770682249670 0.022265976294875145 68735
1770682251746 0.02226453833281994 68831
1770682253820 0.0222008116543293 68927
1770682255906 0.022213242948055267 69023
1770682258110 0.02230146899819374 69119
1770682260203 0.02215580828487873 69215
1770682262296 0.022199038416147232 69311
1770682264380 0.022171299904584885 69407
1770682266462 0.022217031568288803 69503
1770682268552 0.022233402356505394 69599
1770682270628 0.022179679945111275 69695
1770682272716 0.022208398208022118 69791
1770682274800 0.022264914587140083 69887
1770682276886 0.02227547951042652 69983
1770682278974 0.02226586453616619 70079
1770682281059 0.02212611585855484 70175
1770682283147 0.022132746875286102 70271
1770682285233 0.022182973101735115 70367
1770682287304 0.02220378816127777 70463
1770682289394 0.02239733748137951 70559
1770682291531 0.02228912152349949 70655
1770682293617 0.022257553413510323 70751
1770682295697 0.02216336317360401 70847
1770682297786 0.022240562364459038 70943
1770682299885 0.02220119722187519 71039
1770682301965 0.022167643532156944 71135
1770682304053 0.022186705842614174 71231
1770682306148 0.022181984037160873 71327
1770682308238 0.022299552336335182 71423
1770682310349 0.022187160328030586 71519
1770682312441 0.02235911600291729 71615
1770682314538 0.022151948884129524 71711
1770682316611 0.02221210114657879 71807
1770682318699 0.02222520299255848 71903
1770682320792 0.022244645282626152 71999
1770682323837 0.022112520411610603 72095
1770682325947 0.022279400378465652 72191
1770682328026 0.02220812253654003 72287
1770682330129 0.022192394360899925 72383
1770682332226 0.022154562175273895 72479
1770682334319 0.02222519740462303 72575
1770682336404 0.022376349195837975 72671
1770682338502 0.02224739082157612 72767
1770682340587 0.022177517414093018 72863
1770682342689 0.022380098700523376 72959
1770682344769 0.022199366241693497 73055
1770682346869 0.02226242423057556 73151
1770682348974 0.022231321781873703 73247
1770682351071 0.02208688296377659 73343
1770682353174 0.022407637909054756 73439
1770682355266 0.022179605439305305 73535
1770682357390 0.022401373833417892 73631
1770682359511 0.02231278270483017 73727
1770682361593 0.02222730778157711 73823
1770682363690 0.02214953675866127 73919
1770682365795 0.0222182460129261 74015
1770682367884 0.02216385491192341 74111
1770682369968 0.022543855011463165 74207
1770682372059 0.022181985899806023 74303
1770682374152 0.022161394357681274 74399
1770682376243 0.022221699357032776 74495
1770682378329 0.022299209609627724 74591
1770682380441 0.022177979350090027 74687
1770682382543 0.022173719480633736 74783
1770682384665 0.02224249579012394 74879
1770682386758 0.02221444621682167 74975
1770682388857 0.02233702875673771 75071
1770682390951 0.022246599197387695 75167
1770682393065 0.02218780852854252 75263
1770682395158 0.02205909974873066 75359
1770682397243 0.022318225353956223 75455
1770682399354 0.022240690886974335 75551
1770682401444 0.022207945585250854 75647
1770682403535 0.022233808413147926 75743
1770682405652 0.022328346967697144 75839
1770682407731 0.022122293710708618 75935
1770682409825 0.022149981930851936 76031
1770682411927 0.022171566262841225 76127
1770682414023 0.022349292412400246 76223
1770682416144 0.022178810089826584 76319
1770682418226 0.022098414599895477 76415
1770682420309 0.022200385108590126 76511
1770682422404 0.022261574864387512 76607
1770682424498 0.022162895649671555 76703
1770682426615 0.022086404263973236 76799
1770682429861 0.022205712273716927 76895
1770682431938 0.022473445162177086 76991
1770682434032 0.02218899503350258 77087
1770682436138 0.02214260958135128 77183
1770682438250 0.02211790904402733 77279
1770682440344 0.02212696522474289 77375
1770682442422 0.022168589755892754 77471
1770682444503 0.0222029946744442 77567
1770682446808 0.022174859419465065 77663
1770682448933 0.022186677902936935 77759
1770682451047 0.0221849475055933 77855
1770682453128 0.022221338003873825 77951
1770682455257 0.022250033915042877 78047
1770682457377 0.022170938551425934 78143
1770682459505 0.0222981758415699 78239
1770682463165 0.02224145457148552 78335
1770682465271 0.022330578416585922 78431
1770682467388 0.02221338078379631 78527
1770682469478 0.02218979224562645 78623
1770682471587 0.022184867411851883 78719
1770682473691 0.02216714806854725 78815
1770682476015 0.022067345678806305 78911
1770682478112 0.02219409868121147 79007
1770682480210 0.022180194035172462 79103
1770682482319 0.022163597866892815 79199
1770682484438 0.02222067303955555 79295
1770682486532 0.022208036854863167 79391
1770682488624 0.022338207811117172 79487
1770682490727 0.02231637015938759 79583
1770682492846 0.022243982180953026 79679
1770682494956 0.022154608741402626 79775
1770682497086 0.022413762286305428 79871
1770682499177 0.0221575815230608 79967
1770682501274 0.022371359169483185 80063
1770682503400 0.02219712920486927 80159
1770682505498 0.022261833772063255 80255
1770682507590 0.022124039009213448 80351
1770682509685 0.02216728962957859 80447
1770682511781 0.022217128425836563 80543
1770682513890 0.02223694883286953 80639
1770682515989 0.022248169407248497 80735
1770682518084 0.02211947739124298 80831
1770682520184 0.0223553329706192 80927
1770682522272 0.02224177122116089 81023
1770682524365 0.02233714610338211 81119
1770682526450 0.02213110774755478 81215
1770682528551 0.022196831181645393 81311
1770682530683 0.02228274568915367 81407
1770682532782 0.022248847410082817 81503
1770682534877 0.022173266857862473 81599
1770682538177 0.0221396517008543 81695
1770682540285 0.02215740457177162 81791
1770682542389 0.02219937928020954 81887
1770682544478 0.022222083061933517 81983
1770682546571 0.022207384929060936 82079
1770682548885 0.022198013961315155 82175
1770682550977 0.022225186228752136 82271
1770682553073 0.022157719358801842 82367
1770682555174 0.02225559577345848 82463
1770682557289 0.022177912294864655 82559
1770682559405 0.022303804755210876 82655
1770682561499 0.022174717858433723 82751
1770682563585 0.02219460904598236 82847
1770682565713 0.022134853526949883 82943
1770682567818 0.022152384743094444 83039
1770682570128 0.02218013070523739 83135
1770682572220 0.02229105681180954 83231
1770682574306 0.022060178220272064 83327
1770682576393 0.02211647480726242 83423
1770682578496 0.022164780646562576 83519
1770682580579 0.022255416959524155 83615
1770682582666 0.02215217612683773 83711
1770682584756 0.022259924560785294 83807
1770682586844 0.022087983787059784 83903
1770682588945 0.022174013778567314 83999
1770682591034 0.022174730896949768 84095
1770682593134 0.022281736135482788 84191
1770682595228 0.02217501774430275 84287
1770682597339 0.02218109741806984 84383
1770682599469 0.02225293032824993 84479
1770682601626 0.022145062685012817 84575
1770682603730 0.022157378494739532 84671
1770682605843 0.022203315049409866 84767
1770682607936 0.022175492718815804 84863
1770682610038 0.022237127646803856 84959
1770682612128 0.02216211147606373 85055
1770682614220 0.022315261885523796 85151
1770682616317 0.022318458184599876 85247
1770682618420 0.02214922569692135 85343
1770682620522 0.02229315973818302 85439
1770682622626 0.022160176187753677 85535
1770682624731 0.022310998290777206 85631
1770682626832 0.022147340700030327 85727
1770682628956 0.022188983857631683 85823
1770682631067 0.0220837090164423 85919
1770682633187 0.022279148921370506 86015
1770682635322 0.022480152547359467 86111
1770682637428 0.022171244025230408 86207
1770682639544 0.02219300903379917 86303
1770682641671 0.022189177572727203 86399
1770682644720 0.022115014493465424 86495
1770682646822 0.022532973438501358 86591
1770682648935 0.02217858098447323 86687
1770682651049 0.022288376465439796 86783
1770682653184 0.0222372617572546 86879
1770682655507 0.0222603939473629 86975
1770682657632 0.02211950719356537 87071
1770682659737 0.02219908870756626 87167
1770682661832 0.02228310890495777 87263
1770682663943 0.022147607058286667 87359
1770682666045 0.022319717332720757 87455
1770682668155 0.022189803421497345 87551
1770682670293 0.022149989381432533 87647
1770682672410 0.022183246910572052 87743
1770682674534 0.022160973399877548 87839
1770682676653 0.022132961079478264 87935
1770682678750 0.022178351879119873 88031
1770682680848 0.022198982536792755 88127
1770682682948 0.022240787744522095 88223
1770682685062 0.022196700796484947 88319
1770682687183 0.022231154143810272 88415
1770682689279 0.022156640887260437 88511
1770682691377 0.02215350791811943 88607
1770682693485 0.02226143702864647 88703
1770682695590 0.022149138152599335 88799
1770682697694 0.02217201143503189 88895
1770682699791 0.022204261273145676 88991
1770682701889 0.022160392254590988 89087
1770682704007 0.02227228693664074 89183
1770682706121 0.022166933864355087 89279
1770682708209 0.022265203297138214 89375
1770682710304 0.022216640412807465 89471
1770682712403 0.022186776623129845 89567
1770682714501 0.022168586030602455 89663
1770682716622 0.022227125242352486 89759
1770682718728 0.02216234616935253 89855
1770682720828 0.02224677987396717 89951
1770682722921 0.0221500713378191 90047
1770682725026 0.02242630161345005 90143
1770682727131 0.0221786480396986 90239
1770682729222 0.022191867232322693 90335
1770682731324 0.022219812497496605 90431
1770682733423 0.022173134610056877 90527
1770682735518 0.022247467190027237 90623
1770682737636 0.02221393585205078 90719
1770682739755 0.02221778966486454 90815
1770682741845 0.022353867068886757 90911
1770682743942 0.022142287343740463 91007
1770682746045 0.022575272247195244 91103
1770682748145 0.022260045632719994 91199
1770682751178 0.022178703919053078 91295
1770682753288 0.0222193393856287 91391
1770682755377 0.02225751429796219 91487
1770682757470 0.022176899015903473 91583
1770682759570 0.022406842559576035 91679
1770682761682 0.022301949560642242 91775
1770682763777 0.022206338122487068 91871
1770682765873 0.022294286638498306 91967
1770682767966 0.022167222574353218 92063
1770682770067 0.02213888242840767 92159
1770682772160 0.022279659286141396 92255
1770682774282 0.022303741425275803 92351
1770682776367 0.022498317062854767 92447
1770682778472 0.022220758721232414 92543
1770682780591 0.022186951711773872 92639
1770682782681 0.02234463579952717 92735
1770682784779 0.02222621627151966 92831
1770682786861 0.02218692936003208 92927
1770682788960 0.022186921909451485 93023
1770682791062 0.022119631990790367 93119
1770682793148 0.022189954295754433 93215
1770682795236 0.022192982956767082 93311
1770682797337 0.0221702940762043 93407
1770682799436 0.022089948877692223 93503
1770682801542 0.022262435406446457 93599
1770682803631 0.022176876664161682 93695
1770682805722 0.02216697856783867 93791
1770682807840 0.022194519639015198 93887
1770682809933 0.022237764671444893 93983
1770682812032 0.02211949974298477 94079
1770682814127 0.022220080718398094 94175
1770682816204 0.022167982533574104 94271
1770682818290 0.022471988573670387 94367
1770682820371 0.022231094539165497 94463
1770682822471 0.022102879360318184 94559
1770682824571 0.022146955132484436 94655
1770682826656 0.02226332016289234 94751
1770682828742 0.022210659459233284 94847
1770682830843 0.022271962836384773 94943
1770682833147 0.02233986370265484 95039
1770682835224 0.02215167135000229 95135
1770682837320 0.022141920402646065 95231
1770682839410 0.022114813327789307 95327
1770682841525 0.0221242755651474 95423
1770682843697 0.022221017628908157 95519
1770682845787 0.022214358672499657 95615
1770682848106 0.02218850702047348 95711
1770682850192 0.02218800224363804 95807
1770682852280 0.022257622331380844 95903
1770682854585 0.02222282439470291 95999
