1770680724708 0.483690470457077 95
1770680726779 0.7111257910728455 191
1770680728864 0.7480201125144958 287
1770680732078 0.7640700936317444 383
1770680734151 0.7772141098976135 479
1770680736225 0.7771459221839905 575
1770680738301 0.7933744788169861 671
1770680740369 0.7929394841194153 767
1770680742426 0.8087207078933716 863
1770680744507 0.8149359822273254 959
1770680746654 0.8160942196846008 1055
1770680748737 0.807128369808197 1151
1770680750802 0.8180906772613525 1247
1770680752933 0.8195569515228271 1343
1770680755016 0.8303332328796387 1439
1770680757098 0.8311483263969421 1535
1770680759184 0.824921190738678 1631
1770680761256 0.8351404070854187 1727
1770680763335 0.8368340134620667 1823
1770680765415 0.8314551711082458 1919
1770680767484 0.8392980098724365 2015
1770680769580 0.846722424030304 2111
1770680771652 0.8631777167320251 2207
1770680773727 0.8672921061515808 2303
1770680775824 0.8738543391227722 2399
1770680777907 0.8696563839912415 2495
1770680779997 0.8753709197044373 2591
1770680782078 0.8736956119537354 2687
1770680784152 0.8731803297996521 2783
1770680786274 0.8729186654090881 2879
1770680788358 0.8705971240997314 2975
1770680790443 0.871098518371582 3071
1770680792532 0.8743512630462646 3167
1770680794625 0.8769698739051819 3263
1770680796730 0.876979410648346 3359
1770680798834 0.8781630992889404 3455
1770680800918 0.8796623945236206 3551
1770680803010 0.8781731724739075 3647
1770680805097 0.8766557574272156 3743
1770680807198 0.8798193335533142 3839
1770680809295 0.8789867162704468 3935
1770680811378 0.8762060403823853 4031
1770680813467 0.8825351595878601 4127
1770680815567 0.8788296580314636 4223
1770680817662 0.8929123878479004 4319
1770680819771 0.894575297832489 4415
1770680821852 0.8903888463973999 4511
1770680823943 0.8944995999336243 4607
1770680826036 0.8936108350753784 4703
1770680828125 0.894195020198822 4799
1770680831147 0.8922325372695923 4895
1770680833249 0.8936673402786255 4991
1770680835342 0.895793080329895 5087
1770680837439 0.8962855935096741 5183
1770680839535 0.8946366906166077 5279
1770680841624 0.8956369757652283 5375
1770680843726 0.8928155899047852 5471
1770680845815 0.8917351961135864 5567
1770680847909 0.8937850594520569 5663
1770680850024 0.8979105949401855 5759
1770680852120 0.897520124912262 5855
1770680854267 0.897667407989502 5951
1770680856353 0.8990218043327332 6047
1770680858442 0.8997679948806763 6143
1770680860552 0.8986879587173462 6239
1770680862633 0.8999311327934265 6335
1770680864733 0.8993587493896484 6431
1770680867005 0.8986522555351257 6527
1770680869099 0.8946993947029114 6623
1770680871205 0.8983107805252075 6719
1770680873295 0.8992334008216858 6815
1770680875383 0.8979028463363647 6911
1770680877470 0.896874189376831 7007
1770680879549 0.8984054923057556 7103
1770680881663 0.8998606204986572 7199
1770680883771 0.8992953300476074 7295
1770680885868 0.8996579647064209 7391
1770680887962 0.8997865915298462 7487
1770680890067 0.9006794691085815 7583
1770680892167 0.8991538286209106 7679
1770680894264 0.9005080461502075 7775
1770680896351 0.9011121988296509 7871
1770680898448 0.899455189704895 7967
1770680900544 0.8997405171394348 8063
1770680902653 0.898932933807373 8159
1770680904752 0.9016451835632324 8255
1770680906867 0.900711178779602 8351
1770680908958 0.900501549243927 8447
1770680911054 0.8998069763183594 8543
1770680913163 0.9023858904838562 8639
1770680915259 0.9013693332672119 8735
1770680917364 0.9005264043807983 8831
1770680919454 0.9024192690849304 8927
1770680921563 0.9028710126876831 9023
1770680923674 0.9018140435218811 9119
1770680925768 0.902478039264679 9215
1770680927860 0.9020224213600159 9311
1770680929963 0.902032732963562 9407
1770680932064 0.9015843272209167 9503
1770680934165 0.9015761613845825 9599
1770680937215 0.9020807147026062 9695
1770680939316 0.9030047655105591 9791
1770680941427 0.902580976486206 9887
1770680943523 0.9028931260108948 9983
1770680945625 0.9025334119796753 10079
1770680947717 0.9026752710342407 10175
1770680949815 0.9017580151557922 10271
1770680951918 0.9033148884773254 10367
1770680954023 0.9034848809242249 10463
1770680956130 0.8993099927902222 10559
1770680958236 0.9018219113349915 10655
1770680960344 0.9035261869430542 10751
1770680962449 0.9007297158241272 10847
1770680964551 0.9029379487037659 10943
1770680966653 0.900677502155304 11039
1770680968749 0.9027726650238037 11135
1770680970862 0.9018233418464661 11231
1770680972963 0.9028230309486389 11327
1770680975062 0.9025439023971558 11423
1770680977175 0.9029014110565186 11519
1770680979270 0.9029718041419983 11615
1770680981382 0.9016098380088806 11711
1770680983507 0.902762770652771 11807
1770680985608 0.9030131697654724 11903
1770680987718 0.9024369716644287 11999
1770680989816 0.901211678981781 12095
1770680991917 0.9025751352310181 12191
1770680994027 0.9016909003257751 12287
1770680996115 0.9030866026878357 12383
1770680998220 0.9008826613426208 12479
1770681000326 0.9038224816322327 12575
1770681002425 0.9036214351654053 12671
1770681004535 0.9025251865386963 12767
1770681006634 0.9011273384094238 12863
1770681008738 0.9029594659805298 12959
1770681010832 0.9009115099906921 13055
1770681012925 0.9032220840454102 13151
1770681015013 0.9008616805076599 13247
1770681017111 0.8995614051818848 13343
1770681019204 0.9019762873649597 13439
1770681021309 0.9022348523139954 13535
1770681023418 0.9005497694015503 13631
1770681025504 0.9024419784545898 13727
1770681027607 0.9021267294883728 13823
1770681029714 0.9033570289611816 13919
1770681031824 0.899144172668457 14015
1770681033919 0.9028569459915161 14111
1770681035999 0.902064859867096 14207
1770681038091 0.8996214866638184 14303
1770681040221 0.9036943316459656 14399
1770681043458 0.9043740630149841 14495
1770681045557 0.9014759659767151 14591
1770681047646 0.9029567241668701 14687
1770681049741 0.9022024869918823 14783
1770681051852 0.9034082889556885 14879
1770681053935 0.9033576250076294 14975
1770681056026 0.901605486869812 15071
1770681058125 0.9028740525245667 15167
1770681060205 0.8996912837028503 15263
1770681062317 0.9025384187698364 15359
1770681064404 0.9008216857910156 15455
1770681066492 0.9027976989746094 15551
1770681068580 0.9014620780944824 15647
1770681070663 0.901371419429779 15743
1770681072757 0.9032201766967773 15839
1770681074868 0.9033358693122864 15935
1770681077624 0.9027740955352783 16031
1770681079714 0.9036020636558533 16127
1770681082003 0.9024702906608582 16223
1770681084097 0.9032468199729919 16319
1770681086182 0.9028857946395874 16415
1770681088249 0.9032900929450989 16511
1770681090333 0.9031490087509155 16607
1770681092433 0.904358446598053 16703
1770681094518 0.9024091958999634 16799
1770681096626 0.9012701511383057 16895
1770681098710 0.9026394486427307 16991
1770681100786 0.9021679759025574 17087
1770681102888 0.903185248374939 17183
1770681104968 0.9015529155731201 17279
1770681107041 0.9030548930168152 17375
1770681109144 0.9026904106140137 17471
1770681111221 0.901578962802887 17567
1770681113308 0.9020758867263794 17663
1770681115404 0.9030823707580566 17759
1770681117487 0.9017236232757568 17855
1770681119589 0.9023889303207397 17951
1770681121683 0.9030795097351074 18047
1770681123755 0.9031410217285156 18143
1770681125869 0.9014960527420044 18239
1770681127949 0.902335524559021 18335
1770681130036 0.9012318849563599 18431
1770681132144 0.9034707546234131 18527
1770681134228 0.9029080271720886 18623
1770681136318 0.9018911719322205 18719
1770681138409 0.9026829600334167 18815
1770681140488 0.9037794470787048 18911
1770681142567 0.9025561213493347 19007
1770681144684 0.9011942148208618 19103
1770681146793 0.9017741084098816 19199
1770681149823 0.9013453722000122 19295
1770681151908 0.9026855230331421 19391
1770681154002 0.902519941329956 19487
1770681156102 0.9014431834220886 19583
1770681158211 0.9027761816978455 19679
1770681160317 0.9017878174781799 19775
1770681162799 0.9026522040367126 19871
1770681165610 0.9027419090270996 19967
1770681167706 0.9026886820793152 20063
1770681169798 0.9018375277519226 20159
1770681171907 0.9032360911369324 20255
1770681174068 0.9022740125656128 20351
1770681176153 0.9032426476478577 20447
1770681178261 0.9023879170417786 20543
1770681180377 0.901411235332489 20639
1770681182479 0.9016427993774414 20735
1770681184578 0.9040384888648987 20831
1770681186666 0.9019361734390259 20927
1770681188757 0.9031271934509277 21023
1770681190863 0.902766764163971 21119
1770681192950 0.9004788398742676 21215
1770681195061 0.900854766368866 21311
1770681197164 0.9024237990379333 21407
1770681199257 0.9017151594161987 21503
1770681201378 0.9013532996177673 21599
1770681203465 0.9034489393234253 21695
1770681205564 0.9016767740249634 21791
1770681207662 0.9025270938873291 21887
1770681209756 0.9034556150436401 21983
1770681211878 0.9027596712112427 22079
1770681213981 0.9013211131095886 22175
1770681216076 0.9009301662445068 22271
1770681218218 0.9033375382423401 22367
1770681220330 0.90277099609375 22463
1770681222447 0.9011398553848267 22559
1770681224555 0.9023863077163696 22655
1770681226674 0.9029802083969116 22751
1770681228776 0.9010177850723267 22847
1770681230901 0.9023040533065796 22943
1770681233013 0.9014554619789124 23039
1770681235143 0.9026281237602234 23135
1770681237246 0.9026806354522705 23231
1770681239343 0.9032633304595947 23327
1770681241446 0.9028199315071106 23423
1770681243572 0.9013219475746155 23519
1770681245673 0.903039813041687 23615
1770681247782 0.9025332927703857 23711
1770681249872 0.9030147194862366 23807
1770681251969 0.9028626084327698 23903
1770681254091 0.9018520712852478 23999
1770681257132 0.9030144214630127 24095
1770681259237 0.9014760851860046 24191
1770681261354 0.9021448493003845 24287
1770681263459 0.9025651216506958 24383
1770681265582 0.9028193354606628 24479
1770681267677 0.903021514415741 24575
1770681269783 0.9011445045471191 24671
1770681271886 0.9035200476646423 24767
1770681273977 0.9020416140556335 24863
1770681276095 0.9022138118743896 24959
1770681278189 0.9037652611732483 25055
1770681280280 0.8992128968238831 25151
1770681282394 0.9032581448554993 25247
1770681284494 0.9016208648681641 25343
1770681286626 0.9022743701934814 25439
1770681288726 0.9027560949325562 25535
1770681290821 0.9022143483161926 25631
1770681292932 0.9003170132637024 25727
1770681295041 0.9035544395446777 25823
1770681297143 0.902489960193634 25919
1770681299248 0.9038665294647217 26015
1770681301337 0.9010011553764343 26111
1770681303458 0.9009584784507751 26207
1770681305560 0.9032531976699829 26303
1770681307673 0.9013403058052063 26399
1770681309792 0.9033821225166321 26495
1770681311900 0.9024884700775146 26591
1770681313987 0.903399646282196 26687
1770681316106 0.9010385274887085 26783
1770681318215 0.9020397067070007 26879
1770681320317 0.9005981683731079 26975
1770681322429 0.9014601707458496 27071
1770681324533 0.9029344320297241 27167
1770681326636 0.9033266305923462 27263
1770681328741 0.9022296667098999 27359
1770681330839 0.9026025533676147 27455
1770681332950 0.9008407592773438 27551
1770681335047 0.9029425978660583 27647
1770681337164 0.9038571715354919 27743
1770681339288 0.9023970365524292 27839
1770681341383 0.9025439620018005 27935
1770681343491 0.9022961854934692 28031
1770681345591 0.9029824137687683 28127
1770681347694 0.9026818871498108 28223
1770681349827 0.9021369814872742 28319
1770681351920 0.9022157192230225 28415
1770681354020 0.902383029460907 28511
1770681356119 0.9016762971878052 28607
1770681358213 0.9027237296104431 28703
1770681360320 0.9023581147193909 28799
1770681363603 0.9008670449256897 28895
1770681365719 0.9005586504936218 28991
1770681367810 0.9037647843360901 29087
1770681369895 0.9026935696601868 29183
1770681372037 0.9016274213790894 29279
1770681374128 0.9011325836181641 29375
1770681376216 0.900209903717041 29471
1770681378319 0.9037688374519348 29567
1770681380412 0.9016396403312683 29663
1770681382535 0.9021356105804443 29759
1770681384660 0.9038594365119934 29855
1770681386753 0.9036581516265869 29951
1770681388845 0.9020093083381653 30047
1770681390969 0.9026667475700378 30143
1770681393072 0.9021388292312622 30239
1770681395162 0.9023270010948181 30335
1770681397251 0.901737630367279 30431
1770681399349 0.9023668766021729 30527
1770681401455 0.9021767973899841 30623
1770681403553 0.9013371467590332 30719
1770681405659 0.90476393699646 30815
1770681407769 0.9013113379478455 30911
1770681409859 0.9020395278930664 31007
1770681411957 0.9037919640541077 31103
1770681414058 0.9021114706993103 31199
1770681416158 0.902803897857666 31295
1770681418278 0.9020402431488037 31391
1770681420374 0.9011439085006714 31487
1770681422467 0.9026650190353394 31583
1770681424586 0.902523934841156 31679
1770681426680 0.901800811290741 31775
1770681428778 0.9035871624946594 31871
1770681430865 0.9013941287994385 31967
1770681432962 0.904018223285675 32063
1770681435090 0.9030622243881226 32159
1770681437189 0.9020905494689941 32255
1770681439286 0.9022485613822937 32351
1770681441398 0.9033201336860657 32447
1770681443492 0.9039480090141296 32543
1770681445608 0.9025453329086304 32639
1770681447702 0.9006797075271606 32735
1770681449791 0.9036978483200073 32831
1770681451907 0.9022533297538757 32927
1770681453998 0.9018837809562683 33023
1770681456104 0.9026497006416321 33119
1770681458237 0.9023984670639038 33215
1770681460332 0.9034222960472107 33311
1770681462432 0.9032121300697327 33407
1770681464539 0.9008562564849854 33503
1770681466636 0.9021182656288147 33599
1770681469896 0.9010934233665466 33695
1770681471990 0.9020769596099854 33791
1770681474101 0.9017416834831238 33887
1770681476214 0.9025218486785889 33983
1770681478321 0.9017083644866943 34079
1770681480419 0.9032813310623169 34175
1770681482514 0.9013116359710693 34271
1770681484610 0.9023619890213013 34367
1770681486727 0.9033337831497192 34463
1770681488825 0.9013646245002747 34559
1770681490923 0.9030598998069763 34655
1770681493044 0.9033029675483704 34751
1770681495352 0.9025907516479492 34847
1770681497461 0.902045488357544 34943
1770681499585 0.9037322402000427 35039
1770681501685 0.9036599397659302 35135
1770681503797 0.8996941447257996 35231
1770681505889 0.9038354754447937 35327
1770681508193 0.9029515385627747 35423
1770681510330 0.9037724733352661 35519
1770681512421 0.901049017906189 35615
1770681514518 0.9025800228118896 35711
1770681516617 0.9021733403205872 35807
1770681518710 0.9021736979484558 35903
1770681520832 0.9023014307022095 35999
1770681522928 0.9030752778053284 36095
1770681525020 0.9031651616096497 36191
1770681527142 0.902107834815979 36287
1770681529235 0.9002346992492676 36383
1770681531342 0.9025843143463135 36479
1770681533449 0.9009783267974854 36575
1770681535543 0.9022649526596069 36671
1770681537633 0.9026678204536438 36767
1770681539731 0.9026579260826111 36863
1770681541835 0.9036684632301331 36959
1770681543936 0.9017583131790161 37055
1770681546038 0.9020344018936157 37151
1770681548134 0.9014245867729187 37247
1770681550224 0.903023898601532 37343
1770681552327 0.9008668661117554 37439
1770681554417 0.9026486873626709 37535
1770681556517 0.9037174582481384 37631
1770681558829 0.9019110202789307 37727
1770681560950 0.9001660943031311 37823
1770681563073 0.9037004113197327 37919
1770681565158 0.9023189544677734 38015
1770681567250 0.901463508605957 38111
1770681569354 0.9019976258277893 38207
1770681571448 0.9013780355453491 38303
1770681573559 0.9025689959526062 38399
1770681576610 0.9008356332778931 38495
1770681578723 0.903240978717804 38591
1770681580814 0.9032642245292664 38687
1770681582903 0.9029484391212463 38783
1770681585005 0.9036619663238525 38879
1770681587106 0.9028092622756958 38975
1770681589221 0.9021176695823669 39071
1770681591322 0.9020527005195618 39167
1770681593900 0.8999780416488647 39263
1770681596890 0.902083694934845 39359
1770681598988 0.9034387469291687 39455
1770681601096 0.9025081396102905 39551
1770681603253 0.902709424495697 39647
1770681605362 0.9017966389656067 39743
1770681607476 0.9018181562423706 39839
1770681609572 0.9026703834533691 39935
1770681611678 0.9021491408348083 40031
1770681613780 0.9022084474563599 40127
1770681615882 0.9019801616668701 40223
1770681617986 0.9007004499435425 40319
1770681620076 0.9019641280174255 40415
1770681622176 0.9001436233520508 40511
1770681624292 0.9035295248031616 40607
1770681626380 0.9033626914024353 40703
1770681628474 0.9024270176887512 40799
1770681630596 0.9028115272521973 40895
1770681632696 0.9033433198928833 40991
1770681634793 0.9030734896659851 41087
1770681636880 0.902770459651947 41183
1770681638996 0.9001998901367188 41279
1770681641105 0.9024878144264221 41375
1770681643207 0.90229731798172 41471
1770681645290 0.90260910987854 41567
1770681647397 0.9008292555809021 41663
1770681649516 0.903130292892456 41759
1770681651606 0.9033079743385315 41855
1770681653703 0.9022768139839172 41951
1770681655793 0.9019508361816406 42047
1770681657912 0.9026766419410706 42143
1770681660105 0.9030426144599915 42239
1770681662201 0.9013946056365967 42335
1770681664312 0.9029642343521118 42431
1770681666415 0.9027380347251892 42527
1770681668510 0.9007454514503479 42623
1770681670613 0.902572512626648 42719
1770681672702 0.9018735289573669 42815
1770681674805 0.9026926755905151 42911
1770681676913 0.901698887348175 43007
1770681678992 0.9030529260635376 43103
1770681681106 0.9033828377723694 43199
1770681684385 0.9015003442764282 43295
1770681686523 0.9016736149787903 43391
1770681688650 0.9025502800941467 43487
1770681690744 0.9032158255577087 43583
1770681692860 0.9025445580482483 43679
1770681694951 0.9007288813591003 43775
1770681697046 0.9025827646255493 43871
1770681699163 0.9017035961151123 43967
1770681701260 0.9022366404533386 44063
1770681703364 0.9035370349884033 44159
1770681705470 0.90095454454422 44255
1770681707552 0.9028663039207458 44351
1770681709657 0.9022036790847778 44447
1770681711759 0.9033553004264832 44543
1770681713878 0.9027236104011536 44639
1770681715979 0.9011332988739014 44735
1770681718074 0.903232753276825 44831
1770681720177 0.9034154415130615 44927
1770681722277 0.9017910957336426 45023
1770681724374 0.9016533493995667 45119
1770681726465 0.9034956097602844 45215
1770681728578 0.9031163454055786 45311
1770681730681 0.9027615785598755 45407
1770681732785 0.9016104340553284 45503
1770681734897 0.9006034731864929 45599
1770681736999 0.9030492901802063 45695
1770681739106 0.9022293090820312 45791
1770681741205 0.9022883772850037 45887
1770681743302 0.903945803642273 45983
1770681745420 0.9025081992149353 46079
1770681747522 0.9028187394142151 46175
1770681749618 0.8988985419273376 46271
1770681751743 0.9028167128562927 46367
1770681753855 0.9019052982330322 46463
1770681755963 0.9025997519493103 46559
1770681758058 0.9022122621536255 46655
1770681760144 0.9036644697189331 46751
1770681762271 0.9026457667350769 46847
1770681764591 0.9030091762542725 46943
1770681766702 0.9025237560272217 47039
1770681768839 0.9030622839927673 47135
1770681770937 0.9024067521095276 47231
1770681773033 0.903200626373291 47327
1770681775138 0.9031087756156921 47423
1770681777229 0.9034227728843689 47519
1770681779329 0.9027801752090454 47615
1770681781428 0.9027309417724609 47711
1770681783519 0.9026035666465759 47807
1770681785627 0.9016568064689636 47903
1770681787733 0.9026966691017151 47999
1770681790782 0.9029474854469299 48095
1770681792894 0.9021127820014954 48191
1770681794980 0.9015411138534546 48287
1770681797090 0.9027097225189209 48383
1770681799204 0.9026281237602234 48479
1770681801302 0.9029345512390137 48575
1770681803415 0.9031103253364563 48671
1770681805507 0.9027478098869324 48767
1770681807594 0.9022223949432373 48863
1770681809706 0.9005870223045349 48959
1770681811806 0.9034466743469238 49055
1770681813921 0.9024936556816101 49151
1770681816021 0.9013581275939941 49247
1770681818109 0.9029895663261414 49343
1770681820247 0.9036266803741455 49439
1770681822356 0.9035769104957581 49535
1770681824453 0.9033195376396179 49631
1770681826550 0.901620090007782 49727
1770681828637 0.903229296207428 49823
1770681830753 0.9029144048690796 49919
1770681832848 0.9032950401306152 50015
1770681834931 0.9033930897712708 50111
1770681837039 0.9017518758773804 50207
1770681839153 0.9028098583221436 50303
1770681841248 0.9017816185951233 50399
1770681843778 0.9022719860076904 50495
1770681845864 0.9009559750556946 50591
1770681847968 0.9031838178634644 50687
1770681850073 0.9040635824203491 50783
1770681852174 0.903740406036377 50879
1770681854272 0.9024620056152344 50975
1770681856399 0.9024967551231384 51071
1770681858502 0.9018005132675171 51167
1770681860611 0.9025800228118896 51263
1770681862928 0.9018599390983582 51359
1770681865028 0.9036251902580261 51455
1770681867124 0.9012582898139954 51551
1770681869210 0.9021634459495544 51647
1770681871314 0.9014561176300049 51743
1770681873447 0.9031133651733398 51839
1770681875551 0.9017257690429688 51935
1770681877653 0.9037424325942993 52031
1770681879760 0.9023395776748657 52127
1770681881867 0.9020771980285645 52223
1770681883999 0.9029216170310974 52319
1770681886094 0.9026074409484863 52415
1770681888187 0.9034140110015869 52511
1770681890318 0.9033846259117126 52607
1770681892419 0.9026713371276855 52703
1770681894526 0.9034367799758911 52799
1770681897576 0.9010642170906067 52895
1770681899672 0.9020565152168274 52991
1770681901758 0.9019384980201721 53087
1770681903848 0.9016021490097046 53183
1770681905956 0.9017031192779541 53279
1770681908068 0.9033963084220886 53375
1770681910152 0.9012380838394165 53471
1770681912249 0.9011125564575195 53567
1770681914358 0.9019277095794678 53663
1770681916459 0.9011542797088623 53759
1770681918561 0.9021092653274536 53855
1770681920653 0.9025498032569885 53951
1770681922735 0.9007647037506104 54047
1770681924832 0.9027915000915527 54143
1770681926932 0.9041053056716919 54239
1770681929017 0.9027383923530579 54335
1770681931112 0.9026862978935242 54431
1770681933197 0.9027895331382751 54527
1770681935285 0.9035137891769409 54623
1770681937384 0.9019953012466431 54719
1770681939468 0.9002200365066528 54815
1770681941584 0.903313934803009 54911
1770681943701 0.9026674032211304 55007
1770681945783 0.9022489190101624 55103
1770681947897 0.9023181796073914 55199
1770681949988 0.9020641446113586 55295
1770681952075 0.9019519090652466 55391
1770681954378 0.9024311304092407 55487
1770681956471 0.9020834565162659 55583
1770681958577 0.9026453495025635 55679
1770681960684 0.9039890766143799 55775
1770681962770 0.9022874236106873 55871
1770681964867 0.9020771980285645 55967
1770681966975 0.9001258611679077 56063
1770681969079 0.902552604675293 56159
1770681971161 0.902635931968689 56255
1770681973243 0.9032495021820068 56351
1770681975337 0.9005274176597595 56447
1770681977441 0.9012622237205505 56543
1770681979538 0.902533769607544 56639
1770681981632 0.9032520055770874 56735
1770681983729 0.9013072848320007 56831
1770681985819 0.9029921293258667 56927
1770681987904 0.9025000929832458 57023
1770681990006 0.9029309153556824 57119
1770681992099 0.9019752144813538 57215
1770681994215 0.902398407459259 57311
1770681996302 0.90220046043396 57407
1770681998397 0.9041655659675598 57503
1770682000508 0.9007202386856079 57599
1770682003767 0.9032115340232849 57695
1770682005849 0.9015814661979675 57791
1770682007940 0.9016104340553284 57887
1770682010025 0.9005273580551147 57983
1770682012148 0.9035440683364868 58079
1770682014242 0.9009592533111572 58175
1770682016326 0.9030842185020447 58271
1770682018432 0.9021074175834656 58367
1770682020535 0.9025147557258606 58463
1770682022665 0.9019950032234192 58559
1770682024770 0.8994470238685608 58655
1770682027965 0.9027019739151001 58751
1770682030247 0.9023674726486206 58847
1770682032330 0.9025540351867676 58943
1770682034427 0.9037305116653442 59039
1770682036519 0.9006699919700623 59135
1770682038625 0.9019650816917419 59231
1770682040743 0.9039453268051147 59327
1770682042839 0.9010218381881714 59423
1770682044931 0.9035802483558655 59519
1770682047043 0.9026395082473755 59615
1770682049141 0.9033654928207397 59711
1770682051231 0.9025247693061829 59807
1770682053543 0.9002721309661865 59903
1770682055642 0.9020144939422607 59999
1770682057768 0.9023723602294922 60095
1770682059851 0.9032612442970276 60191
1770682061934 0.9023153185844421 60287
1770682064042 0.9016861319541931 60383
1770682066151 0.902805745601654 60479
1770682068228 0.9018563628196716 60575
1770682070316 0.901542067527771 60671
1770682072401 0.9024423956871033 60767
1770682074494 0.9028098583221436 60863
1770682076620 0.9026550054550171 60959
1770682078917 0.9029638171195984 61055
1770682081018 0.9037875533103943 61151
1770682083119 0.9026150703430176 61247
1770682085217 0.9011334776878357 61343
1770682087535 0.901317298412323 61439
1770682089622 0.9028930068016052 61535
1770682091706 0.9035005569458008 61631
1770682093828 0.902014434337616 61727
1770682095915 0.9026238918304443 61823
1770682098022 0.903020977973938 61919
1770682100115 0.9028729796409607 62015
1770682102209 0.9005157351493835 62111
1770682104300 0.9009612798690796 62207
1770682106381 0.9015101194381714 62303
1770682108496 0.9023417830467224 62399
1770682111540 0.8993075489997864 62495
1770682113629 0.9025287628173828 62591
1770682115746 0.9008327126502991 62687
1770682117852 0.901995837688446 62783
1770682119950 0.9023950695991516 62879
1770682122059 0.9026477336883545 62975
1770682124149 0.9032264351844788 63071
1770682126248 0.9034328460693359 63167
1770682128347 0.9022772908210754 63263
1770682130458 0.9035633206367493 63359
1770682132557 0.9020487070083618 63455
1770682134646 0.9012160301208496 63551
1770682136737 0.9017153978347778 63647
1770682138836 0.9015355706214905 63743
1770682140931 0.9028398394584656 63839
1770682143036 0.9009960889816284 63935
1770682145125 0.9020158648490906 64031
1770682147221 0.9025154709815979 64127
1770682149334 0.9014521241188049 64223
1770682151430 0.9014963507652283 64319
1770682153520 0.9034609198570251 64415
1770682155626 0.9031144976615906 64511
1770682157714 0.9011062383651733 64607
1770682159901 0.9022883772850037 64703
1770682161995 0.9025185704231262 64799
1770682164084 0.9031345248222351 64895
1770682166179 0.9025671482086182 64991
1770682168280 0.900754451751709 65087
1770682170371 0.9026570320129395 65183
1770682172495 0.9045187830924988 65279
1770682174583 0.9028726816177368 65375
1770682176673 0.9016823768615723 65471
1770682178756 0.8998445868492126 65567
1770682180842 0.9027572870254517 65663
1770682182943 0.9034523367881775 65759
1770682185029 0.9034274816513062 65855
1770682187123 0.901901364326477 65951
1770682189381 0.9017192125320435 66047
1770682191525 0.9033273458480835 66143
1770682193665 0.901298999786377 66239
1770682195755 0.9007312059402466 66335
1770682197834 0.9018180966377258 66431
1770682199919 0.8992738127708435 66527
1770682202001 0.9022474884986877 66623
1770682204251 0.9027690887451172 66719
1770682206513 0.9014374613761902 66815
1770682208762 0.9035617709159851 66911
1770682210851 0.9041730761528015 67007
1770682212940 0.9009885191917419 67103
1770682215048 0.9030858874320984 67199
1770682218298 0.9012517929077148 67295
1770682220377 0.9032049179077148 67391
1770682222460 0.9021687507629395 67487
1770682224585 0.9030337929725647 67583
1770682226718 0.9013017416000366 67679
1770682228810 0.9029223322868347 67775
1770682230898 0.902447521686554 67871
1770682232989 0.9018353819847107 67967
1770682235073 0.9025568962097168 68063
1770682237168 0.9031916260719299 68159
1770682239249 0.9003404974937439 68255
1770682241340 0.9018916487693787 68351
1770682243417 0.9008116722106934 68447
1770682245503 0.9023075103759766 68543
1770682247590 0.9021833539009094 68639
1770682249670 0.9025372266769409 68735
1770682251746 0.901190996170044 68831
1770682253820 0.9028307795524597 68927
1770682255906 0.9030683040618896 69023
1770682258110 0.901789665222168 69119
1770682260203 0.9033676981925964 69215
1770682262296 0.9028826951980591 69311
1770682264380 0.9026485085487366 69407
1770682266462 0.9022663235664368 69503
1770682268552 0.90223228931427 69599
1770682270628 0.9014843106269836 69695
1770682272716 0.9015774726867676 69791
1770682274800 0.9017707109451294 69887
1770682276886 0.9024930000305176 69983
1770682278974 0.9022269248962402 70079
1770682281059 0.9037695527076721 70175
1770682283147 0.9033849239349365 70271
1770682285233 0.9031256437301636 70367
1770682287304 0.9026721119880676 70463
1770682289394 0.9006971716880798 70559
1770682291531 0.9022310972213745 70655
1770682293617 0.9015915393829346 70751
1770682295697 0.9034062027931213 70847
1770682297786 0.9024023413658142 70943
1770682299885 0.9021216630935669 71039
1770682301965 0.9027960300445557 71135
1770682304053 0.9020305871963501 71231
1770682306148 0.9033929705619812 71327
1770682308238 0.9018950462341309 71423
1770682310349 0.9036815166473389 71519
1770682312441 0.9007778167724609 71615
1770682314538 0.9034498929977417 71711
1770682316611 0.90193772315979 71807
1770682318699 0.9025583267211914 71903
1770682320792 0.9014996290206909 71999
1770682323837 0.9040843844413757 72095
1770682325947 0.9003608822822571 72191
1770682328026 0.9026162028312683 72287
1770682330129 0.9025211930274963 72383
1770682332226 0.9034828543663025 72479
1770682334319 0.902587890625 72575
1770682336404 0.8996425867080688 72671
1770682338502 0.9005072712898254 72767
1770682340587 0.9019960761070251 72863
1770682342689 0.9009392261505127 72959
1770682344769 0.9028518795967102 73055
1770682346869 0.9014804363250732 73151
1770682348974 0.9015204906463623 73247
1770682351071 0.903721272945404 73343
1770682353174 0.9012165665626526 73439
1770682355266 0.9028947353363037 73535
1770682357390 0.9006919860839844 73631
1770682359511 0.9005684852600098 73727
1770682361593 0.9022606611251831 73823
1770682363690 0.9031831622123718 73919
1770682365795 0.9017887711524963 74015
1770682367884 0.9029064774513245 74111
1770682369968 0.9005006551742554 74207
1770682372059 0.9029822945594788 74303
1770682374152 0.9028187394142151 74399
1770682376243 0.9032437205314636 74495
1770682378329 0.9015287756919861 74591
1770682380441 0.9024055600166321 74687
1770682382543 0.9030266404151917 74783
1770682384665 0.9023039937019348 74879
1770682386758 0.9020808935165405 74975
1770682388857 0.9018386602401733 75071
1770682390951 0.9019098281860352 75167
1770682393065 0.9029397368431091 75263
1770682395158 0.903907060623169 75359
1770682397243 0.9017581939697266 75455
1770682399354 0.902496874332428 75551
1770682401444 0.9027435779571533 75647
1770682403535 0.9026164412498474 75743
1770682405652 0.9006586670875549 75839
1770682407731 0.903281569480896 75935
1770682409825 0.9038233160972595 76031
1770682411927 0.9024392366409302 76127
1770682414023 0.9010413885116577 76223
1770682416144 0.9032129049301147 76319
1770682418226 0.9038432836532593 76415
1770682420309 0.903235137462616 76511
1770682422404 0.9020659327507019 76607
1770682424498 0.9027467966079712 76703
1770682426615 0.9040355086326599 76799
1770682429861 0.9026079773902893 76895
1770682431938 0.9015703797340393 76991
1770682434032 0.9026158452033997 77087
1770682436138 0.9032736420631409 77183
1770682438250 0.9034857153892517 77279
1770682440344 0.9032021760940552 77375
1770682442422 0.9032298922538757 77471
1770682444503 0.9026692509651184 77567
1770682446808 0.9022305011749268 77663
1770682448933 0.9027636647224426 77759
1770682451047 0.9025846123695374 77855
1770682453128 0.9018710255622864 77951
1770682455257 0.90242600440979 78047
1770682457377 0.9022815823554993 78143
1770682459505 0.900530219078064 78239
1770682463165 0.9024243950843811 78335
1770682465271 0.9013314247131348 78431
1770682467388 0.9023011326789856 78527
1770682469478 0.9023574590682983 78623
1770682471587 0.9029027223587036 78719
1770682473691 0.902533233165741 78815
1770682476015 0.9035013318061829 78911
1770682478112 0.902783215045929 79007
1770682480210 0.9033108949661255 79103
1770682482319 0.9024066925048828 79199
1770682484438 0.9025429487228394 79295
1770682486532 0.9024813771247864 79391
1770682488624 0.8993144035339355 79487
1770682490727 0.9015284776687622 79583
1770682492846 0.9019373059272766 79679
1770682494956 0.9031246900558472 79775
1770682497086 0.9015954732894897 79871
1770682499177 0.9024518728256226 79967
1770682501274 0.9004291892051697 80063
1770682503400 0.9029427170753479 80159
1770682505498 0.9016139507293701 80255
1770682507590 0.9027414917945862 80351
1770682509685 0.902938961982727 80447
1770682511781 0.901525616645813 80543
1770682513890 0.9021181464195251 80639
1770682515989 0.9018468856811523 80735
1770682518084 0.9032298922538757 80831
1770682520184 0.9016199111938477 80927
1770682522272 0.9021405577659607 81023
1770682524365 0.900595486164093 81119
1770682526450 0.9037708044052124 81215
1770682528551 0.9027263522148132 81311
1770682530683 0.9016417860984802 81407
1770682532782 0.9024320244789124 81503
1770682534877 0.9029171466827393 81599
1770682538177 0.9035180807113647 81695
1770682540285 0.9031869173049927 81791
1770682542389 0.9029070734977722 81887
1770682544478 0.9018320441246033 81983
1770682546571 0.902045726776123 82079
1770682548885 0.9025989770889282 82175
1770682550977 0.9018934965133667 82271
1770682553073 0.9027618169784546 82367
1770682555174 0.9017440676689148 82463
1770682557289 0.9029000997543335 82559
1770682559405 0.8994613289833069 82655
1770682561499 0.9030243158340454 82751
1770682563585 0.9022119641304016 82847
1770682565713 0.902296245098114 82943
1770682567818 0.903100848197937 83039
1770682570128 0.903438150882721 83135
1770682572220 0.9017556309700012 83231
1770682574306 0.9037487506866455 83327
1770682576393 0.9036731123924255 83423
1770682578496 0.90333491563797 83519
1770682580579 0.9012247323989868 83615
1770682582666 0.9026455879211426 83711
1770682584756 0.9022943377494812 83807
1770682586844 0.9043467044830322 83903
1770682588945 0.9029402136802673 83999
1770682591034 0.9025111794471741 84095
1770682593134 0.8995372653007507 84191
1770682595228 0.9032010436058044 84287
1770682597339 0.9033597707748413 84383
1770682599469 0.9020501971244812 84479
1770682601626 0.903327226638794 84575
1770682603730 0.9025781750679016 84671
1770682605843 0.9023239016532898 84767
1770682607936 0.9027238488197327 84863
1770682610038 0.9021974802017212 84959
1770682612128 0.9023808240890503 85055
1770682614220 0.9005876779556274 85151
1770682616317 0.9006553888320923 85247
1770682618420 0.9027206897735596 85343
1770682620522 0.9014826416969299 85439
1770682622626 0.9033886194229126 85535
1770682624731 0.901197612285614 85631
1770682626832 0.9030628800392151 85727
1770682628956 0.9030512571334839 85823
1770682631067 0.9037998914718628 85919
1770682633187 0.9010704755783081 86015
1770682635322 0.8996766805648804 86111
1770682637428 0.902807354927063 86207
1770682639544 0.9027655124664307 86303
1770682641671 0.9031410217285156 86399
1770682644720 0.9032821655273438 86495
1770682646822 0.9007726907730103 86591
1770682648935 0.9032790660858154 86687
1770682651049 0.9010482430458069 86783
1770682653184 0.9021806716918945 86879
1770682655507 0.9019806385040283 86975
1770682657632 0.9040119647979736 87071
1770682659737 0.9025273323059082 87167
1770682661832 0.900537371635437 87263
1770682663943 0.9030745029449463 87359
1770682666045 0.9005715847015381 87455
1770682668155 0.90260249376297 87551
1770682670293 0.9035896062850952 87647
1770682672410 0.9027215242385864 87743
1770682674534 0.9033637642860413 87839
1770682676653 0.9034112095832825 87935
1770682678750 0.9030399918556213 88031
1770682680848 0.9030381441116333 88127
1770682682948 0.9028814435005188 88223
1770682685062 0.9024895429611206 88319
1770682687183 0.9022361636161804 88415
1770682689279 0.9036862254142761 88511
1770682691377 0.9032401442527771 88607
1770682693485 0.9021315574645996 88703
1770682695590 0.9033811688423157 88799
1770682697694 0.9028542041778564 88895
1770682699791 0.9015540480613708 88991
1770682701889 0.9034716486930847 89087
1770682704007 0.901130199432373 89183
1770682706121 0.9025157690048218 89279
1770682708209 0.9012246131896973 89375
1770682710304 0.9026577472686768 89471
1770682712403 0.9023423790931702 89567
1770682714501 0.9032821655273438 89663
1770682716622 0.9023066759109497 89759
1770682718728 0.9028608798980713 89855
1770682720828 0.9017022252082825 89951
1770682722921 0.9026747345924377 90047
1770682725026 0.899804413318634 90143
1770682727131 0.9022703766822815 90239
1770682729222 0.902233898639679 90335
1770682731324 0.9027110934257507 90431
1770682733423 0.9037013649940491 90527
1770682735518 0.9029954671859741 90623
1770682737636 0.9023565649986267 90719
1770682739755 0.9017323851585388 90815
1770682741845 0.8997616171836853 90911
1770682743942 0.9028789401054382 91007
1770682746045 0.9013591408729553 91103
1770682748145 0.9012703895568848 91199
1770682751178 0.903070330619812 91295
1770682753288 0.9019306302070618 91391
1770682755377 0.9011719822883606 91487
1770682757470 0.9031947255134583 91583
1770682759570 0.8998377919197083 91679
1770682761682 0.9016814231872559 91775
1770682763777 0.9033113121986389 91871
1770682765873 0.901692271232605 91967
1770682767966 0.9029033184051514 92063
1770682770067 0.902606189250946 92159
1770682772160 0.9013073444366455 92255
1770682774282 0.9005886912345886 92351
1770682776367 0.9013058543205261 92447
1770682778472 0.9011826515197754 92543
1770682780591 0.9012680649757385 92639
1770682782681 0.9004318118095398 92735
1770682784779 0.9014977812767029 92831
1770682786861 0.9023705124855042 92927
1770682788960 0.9014566540718079 93023
1770682791062 0.9032224416732788 93119
1770682793148 0.9031471610069275 93215
1770682795236 0.9021314978599548 93311
1770682797337 0.9033380150794983 93407
1770682799436 0.9039822220802307 93503
1770682801542 0.8996239304542542 93599
1770682803631 0.9026763439178467 93695
1770682805722 0.9028440117835999 93791
1770682807840 0.9027924537658691 93887
1770682809933 0.9021890163421631 93983
1770682812032 0.903786301612854 94079
1770682814127 0.9017183184623718 94175
1770682816204 0.9029011130332947 94271
1770682818290 0.9011996388435364 94367
1770682820371 0.9023104310035706 94463
1770682822471 0.9036572575569153 94559
1770682824571 0.903411865234375 94655
1770682826656 0.9016508460044861 94751
1770682828742 0.9029459953308105 94847
1770682830843 0.9026134014129639 94943
1770682833147 0.9018532633781433 95039
1770682835224 0.903270423412323 95135
1770682837320 0.9032935500144958 95231
1770682839410 0.9038313031196594 95327
1770682841525 0.9035785794258118 95423
1770682843697 0.9020161628723145 95519
1770682845787 0.9007812142372131 95615
1770682848106 0.9026002287864685 95711
1770682850192 0.9018616080284119 95807
1770682852280 0.901603102684021 95903
1770682854585 0.9020740389823914 95999
