1770325338742 0.014264917001128197 0 48eb146eb75348488ab1d5a3ccdd95e5
1770325346436 0.0 1 48eb146eb75348488ab1d5a3ccdd95e5
1770325353110 0.0 2 48eb146eb75348488ab1d5a3ccdd95e5
1770325360479 0.0 3 48eb146eb75348488ab1d5a3ccdd95e5
1770325367316 0.0 4 48eb146eb75348488ab1d5a3ccdd95e5
1770325374061 0.0 5 48eb146eb75348488ab1d5a3ccdd95e5
1770325381420 0.0 6 48eb146eb75348488ab1d5a3ccdd95e5
1770325387859 0.0 7 48eb146eb75348488ab1d5a3ccdd95e5
1770325396173 0.0 8 48eb146eb75348488ab1d5a3ccdd95e5
1770325403656 0.0 9 48eb146eb75348488ab1d5a3ccdd95e5
1770325410065 0.0 10 48eb146eb75348488ab1d5a3ccdd95e5
1770325417701 0.0 11 48eb146eb75348488ab1d5a3ccdd95e5
1770325425915 0.0 12 48eb146eb75348488ab1d5a3ccdd95e5
1770325433210 0.0 13 48eb146eb75348488ab1d5a3ccdd95e5
1770325440442 0.0 14 48eb146eb75348488ab1d5a3ccdd95e5
1770325449021 0.0 15 48eb146eb75348488ab1d5a3ccdd95e5
1770325457510 0.0 16 48eb146eb75348488ab1d5a3ccdd95e5
1770325466406 0.11370261758565903 17 48eb146eb75348488ab1d5a3ccdd95e5
1770325474727 0.03911564499139786 18 48eb146eb75348488ab1d5a3ccdd95e5
1770325482725 0.07042890042066574 19 48eb146eb75348488ab1d5a3ccdd95e5
1770325490988 0.028649520128965378 20 48eb146eb75348488ab1d5a3ccdd95e5
1770325503516 0.054997630417346954 21 48eb146eb75348488ab1d5a3ccdd95e5
1770325515176 0.022959183901548386 22 48eb146eb75348488ab1d5a3ccdd95e5
1770325526707 0.06557368487119675 23 48eb146eb75348488ab1d5a3ccdd95e5
1770325541598 0.10029308497905731 24 48eb146eb75348488ab1d5a3ccdd95e5
1770325552760 0.11401871591806412 25 48eb146eb75348488ab1d5a3ccdd95e5
1770325562196 0.1321016252040863 26 48eb146eb75348488ab1d5a3ccdd95e5
1770325574808 0.027318013831973076 27 48eb146eb75348488ab1d5a3ccdd95e5
1770325589466 0.18669813871383667 28 48eb146eb75348488ab1d5a3ccdd95e5
1770325601196 0.1177067831158638 29 48eb146eb75348488ab1d5a3ccdd95e5
1770325611584 0.17426884174346924 30 48eb146eb75348488ab1d5a3ccdd95e5
1770325622300 0.20401829481124878 31 48eb146eb75348488ab1d5a3ccdd95e5
1770325631846 0.1732293963432312 32 48eb146eb75348488ab1d5a3ccdd95e5
1770325640483 0.28231585025787354 33 48eb146eb75348488ab1d5a3ccdd95e5
1770325650927 0.2934448719024658 34 48eb146eb75348488ab1d5a3ccdd95e5
1770325661783 0.23244455456733704 35 48eb146eb75348488ab1d5a3ccdd95e5
1770325671698 0.34279507398605347 36 48eb146eb75348488ab1d5a3ccdd95e5
1770325682981 0.36648422479629517 37 48eb146eb75348488ab1d5a3ccdd95e5
1770325693575 0.4397711455821991 38 48eb146eb75348488ab1d5a3ccdd95e5
1770325705872 0.3894136846065521 39 48eb146eb75348488ab1d5a3ccdd95e5
1770325717607 0.35981759428977966 40 48eb146eb75348488ab1d5a3ccdd95e5
1770325730488 0.44655266404151917 41 48eb146eb75348488ab1d5a3ccdd95e5
1770325744858 0.4059828221797943 42 48eb146eb75348488ab1d5a3ccdd95e5
1770325757204 0.40203821659088135 43 48eb146eb75348488ab1d5a3ccdd95e5
1770325767089 0.42406052350997925 44 48eb146eb75348488ab1d5a3ccdd95e5
1770325777610 0.44136685132980347 45 48eb146eb75348488ab1d5a3ccdd95e5
1770325786113 0.388156920671463 46 48eb146eb75348488ab1d5a3ccdd95e5
1770325795969 0.4424815773963928 47 48eb146eb75348488ab1d5a3ccdd95e5
1770325807774 0.5046562552452087 48 48eb146eb75348488ab1d5a3ccdd95e5
1770325818126 0.4282817542552948 49 48eb146eb75348488ab1d5a3ccdd95e5
1770325338742 0.014264917001128197 0 48eb146eb75348488ab1d5a3ccdd95e5
