1770325338742 0.4348205626010895 0 48eb146eb75348488ab1d5a3ccdd95e5
1770325346436 0.691204845905304 1 48eb146eb75348488ab1d5a3ccdd95e5
1770325353110 0.6372619867324829 2 48eb146eb75348488ab1d5a3ccdd95e5
1770325360479 0.732220470905304 3 48eb146eb75348488ab1d5a3ccdd95e5
1770325367316 0.7576659917831421 4 48eb146eb75348488ab1d5a3ccdd95e5
1770325374061 0.5878356695175171 5 48eb146eb75348488ab1d5a3ccdd95e5
1770325381420 0.62841796875 6 48eb146eb75348488ab1d5a3ccdd95e5
1770325387859 0.7709716558456421 7 48eb146eb75348488ab1d5a3ccdd95e5
1770325396173 0.794665515422821 8 48eb146eb75348488ab1d5a3ccdd95e5
1770325403656 0.81646728515625 9 48eb146eb75348488ab1d5a3ccdd95e5
1770325410065 0.720550537109375 10 48eb146eb75348488ab1d5a3ccdd95e5
1770325417701 0.6757873296737671 11 48eb146eb75348488ab1d5a3ccdd95e5
1770325425915 0.674176037311554 12 48eb146eb75348488ab1d5a3ccdd95e5
1770325433210 0.8403564691543579 13 48eb146eb75348488ab1d5a3ccdd95e5
1770325440442 0.8302978277206421 14 48eb146eb75348488ab1d5a3ccdd95e5
1770325449021 0.9052978754043579 15 48eb146eb75348488ab1d5a3ccdd95e5
1770325457510 0.8205627202987671 16 48eb146eb75348488ab1d5a3ccdd95e5
1770325466406 0.8472839593887329 17 48eb146eb75348488ab1d5a3ccdd95e5
1770325474727 0.6883300542831421 18 48eb146eb75348488ab1d5a3ccdd95e5
1770325482725 0.6871582269668579 19 48eb146eb75348488ab1d5a3ccdd95e5
1770325490988 0.7214599847793579 20 48eb146eb75348488ab1d5a3ccdd95e5
1770325503516 0.8516845703125 21 48eb146eb75348488ab1d5a3ccdd95e5
1770325515176 0.9068847894668579 22 48eb146eb75348488ab1d5a3ccdd95e5
1770325526707 0.583770751953125 23 48eb146eb75348488ab1d5a3ccdd95e5
1770325541598 0.737335205078125 24 48eb146eb75348488ab1d5a3ccdd95e5
1770325552760 0.677093505859375 25 48eb146eb75348488ab1d5a3ccdd95e5
1770325562196 0.82415771484375 26 48eb146eb75348488ab1d5a3ccdd95e5
1770325574808 0.750134289264679 27 48eb146eb75348488ab1d5a3ccdd95e5
1770325589466 0.9191039800643921 28 48eb146eb75348488ab1d5a3ccdd95e5
1770325601196 0.632769763469696 29 48eb146eb75348488ab1d5a3ccdd95e5
1770325611584 0.930023193359375 30 48eb146eb75348488ab1d5a3ccdd95e5
1770325622300 0.9452575445175171 31 48eb146eb75348488ab1d5a3ccdd95e5
1770325631846 0.6998535394668579 32 48eb146eb75348488ab1d5a3ccdd95e5
1770325640483 0.651629626750946 33 48eb146eb75348488ab1d5a3ccdd95e5
1770325650927 0.8851379156112671 34 48eb146eb75348488ab1d5a3ccdd95e5
1770325661783 0.7187560796737671 35 48eb146eb75348488ab1d5a3ccdd95e5
1770325671698 0.7035156488418579 36 48eb146eb75348488ab1d5a3ccdd95e5
1770325682981 0.679107666015625 37 48eb146eb75348488ab1d5a3ccdd95e5
1770325693575 0.744580090045929 38 48eb146eb75348488ab1d5a3ccdd95e5
1770325705872 0.779339611530304 39 48eb146eb75348488ab1d5a3ccdd95e5
1770325717607 0.7460876703262329 40 48eb146eb75348488ab1d5a3ccdd95e5
1770325730488 0.90106201171875 41 48eb146eb75348488ab1d5a3ccdd95e5
1770325744858 0.8806213140487671 42 48eb146eb75348488ab1d5a3ccdd95e5
1770325757204 0.971203625202179 43 48eb146eb75348488ab1d5a3ccdd95e5
1770325767089 0.898303210735321 44 48eb146eb75348488ab1d5a3ccdd95e5
1770325777610 0.7806396484375 45 48eb146eb75348488ab1d5a3ccdd95e5
1770325786113 0.7320007085800171 46 48eb146eb75348488ab1d5a3ccdd95e5
1770325795969 0.9025329351425171 47 48eb146eb75348488ab1d5a3ccdd95e5
1770325807774 0.86444091796875 48 48eb146eb75348488ab1d5a3ccdd95e5
1770325818126 0.689160168170929 49 48eb146eb75348488ab1d5a3ccdd95e5
1770325338742 0.4348205626010895 0 48eb146eb75348488ab1d5a3ccdd95e5
