1770325338742 0.2217525988817215 0 48eb146eb75348488ab1d5a3ccdd95e5
1770325346436 0.06189652532339096 1 48eb146eb75348488ab1d5a3ccdd95e5
1770325353110 0.05668747052550316 2 48eb146eb75348488ab1d5a3ccdd95e5
1770325360479 0.05429892987012863 3 48eb146eb75348488ab1d5a3ccdd95e5
1770325367316 0.05410905182361603 4 48eb146eb75348488ab1d5a3ccdd95e5
1770325374061 0.05184774100780487 5 48eb146eb75348488ab1d5a3ccdd95e5
1770325381420 0.05166041478514671 6 48eb146eb75348488ab1d5a3ccdd95e5
1770325387859 0.05018148571252823 7 48eb146eb75348488ab1d5a3ccdd95e5
1770325396173 0.05013059452176094 8 48eb146eb75348488ab1d5a3ccdd95e5
1770325403656 0.04795857518911362 9 48eb146eb75348488ab1d5a3ccdd95e5
1770325410065 0.04710567370057106 10 48eb146eb75348488ab1d5a3ccdd95e5
1770325417701 0.04669541120529175 11 48eb146eb75348488ab1d5a3ccdd95e5
1770325425915 0.04543623700737953 12 48eb146eb75348488ab1d5a3ccdd95e5
1770325433210 0.04488513991236687 13 48eb146eb75348488ab1d5a3ccdd95e5
1770325440442 0.044200073927640915 14 48eb146eb75348488ab1d5a3ccdd95e5
1770325449021 0.04366167262196541 15 48eb146eb75348488ab1d5a3ccdd95e5
1770325457510 0.04283500835299492 16 48eb146eb75348488ab1d5a3ccdd95e5
1770325466406 0.041918978095054626 17 48eb146eb75348488ab1d5a3ccdd95e5
1770325474727 0.04207293316721916 18 48eb146eb75348488ab1d5a3ccdd95e5
1770325482725 0.0418781153857708 19 48eb146eb75348488ab1d5a3ccdd95e5
1770325490988 0.04237796366214752 20 48eb146eb75348488ab1d5a3ccdd95e5
1770325503516 0.041015319526195526 21 48eb146eb75348488ab1d5a3ccdd95e5
1770325515176 0.04062502086162567 22 48eb146eb75348488ab1d5a3ccdd95e5
1770325526707 0.039416175335645676 23 48eb146eb75348488ab1d5a3ccdd95e5
1770325541598 0.03954818844795227 24 48eb146eb75348488ab1d5a3ccdd95e5
1770325552760 0.039720382541418076 25 48eb146eb75348488ab1d5a3ccdd95e5
1770325562196 0.038874804973602295 26 48eb146eb75348488ab1d5a3ccdd95e5
1770325574808 0.03856034204363823 27 48eb146eb75348488ab1d5a3ccdd95e5
1770325589466 0.03777661919593811 28 48eb146eb75348488ab1d5a3ccdd95e5
1770325601196 0.03768565133213997 29 48eb146eb75348488ab1d5a3ccdd95e5
1770325611584 0.037354908883571625 30 48eb146eb75348488ab1d5a3ccdd95e5
1770325622300 0.03719828650355339 31 48eb146eb75348488ab1d5a3ccdd95e5
1770325631846 0.03727971762418747 32 48eb146eb75348488ab1d5a3ccdd95e5
1770325640483 0.03642960637807846 33 48eb146eb75348488ab1d5a3ccdd95e5
1770325650927 0.03647782281041145 34 48eb146eb75348488ab1d5a3ccdd95e5
1770325661783 0.0368308387696743 35 48eb146eb75348488ab1d5a3ccdd95e5
1770325671698 0.03558048605918884 36 48eb146eb75348488ab1d5a3ccdd95e5
1770325682981 0.035521794110536575 37 48eb146eb75348488ab1d5a3ccdd95e5
1770325693575 0.03416203334927559 38 48eb146eb75348488ab1d5a3ccdd95e5
1770325705872 0.03420286253094673 39 48eb146eb75348488ab1d5a3ccdd95e5
1770325717607 0.03402335196733475 40 48eb146eb75348488ab1d5a3ccdd95e5
1770325730488 0.03431113809347153 41 48eb146eb75348488ab1d5a3ccdd95e5
1770325744858 0.03360608592629433 42 48eb146eb75348488ab1d5a3ccdd95e5
1770325757204 0.03394513577222824 43 48eb146eb75348488ab1d5a3ccdd95e5
1770325767089 0.03343150392174721 44 48eb146eb75348488ab1d5a3ccdd95e5
1770325777610 0.03316111862659454 45 48eb146eb75348488ab1d5a3ccdd95e5
1770325786113 0.032755639404058456 46 48eb146eb75348488ab1d5a3ccdd95e5
1770325795969 0.033751871436834335 47 48eb146eb75348488ab1d5a3ccdd95e5
1770325807774 0.03261008486151695 48 48eb146eb75348488ab1d5a3ccdd95e5
1770325818126 0.03263438865542412 49 48eb146eb75348488ab1d5a3ccdd95e5
1770325338742 0.2217525988817215 0 48eb146eb75348488ab1d5a3ccdd95e5
