1770325338742 0.2851528525352478 0 48eb146eb75348488ab1d5a3ccdd95e5
1770325346436 0.5986926555633545 1 48eb146eb75348488ab1d5a3ccdd95e5
1770325353110 0.6836578845977783 2 48eb146eb75348488ab1d5a3ccdd95e5
1770325360479 0.7230457663536072 3 48eb146eb75348488ab1d5a3ccdd95e5
1770325367316 0.71062833070755 4 48eb146eb75348488ab1d5a3ccdd95e5
1770325374061 0.7213348150253296 5 48eb146eb75348488ab1d5a3ccdd95e5
1770325381420 0.7172343730926514 6 48eb146eb75348488ab1d5a3ccdd95e5
1770325387859 0.7304743528366089 7 48eb146eb75348488ab1d5a3ccdd95e5
1770325396173 0.7346289753913879 8 48eb146eb75348488ab1d5a3ccdd95e5
1770325403656 0.7619898915290833 9 48eb146eb75348488ab1d5a3ccdd95e5
1770325410065 0.7648352980613708 10 48eb146eb75348488ab1d5a3ccdd95e5
1770325417701 0.7534641623497009 11 48eb146eb75348488ab1d5a3ccdd95e5
1770325425915 0.7805007100105286 12 48eb146eb75348488ab1d5a3ccdd95e5
1770325433210 0.7745856642723083 13 48eb146eb75348488ab1d5a3ccdd95e5
1770325440442 0.7900615334510803 14 48eb146eb75348488ab1d5a3ccdd95e5
1770325449021 0.7695134282112122 15 48eb146eb75348488ab1d5a3ccdd95e5
1770325457510 0.7852716445922852 16 48eb146eb75348488ab1d5a3ccdd95e5
1770325466406 0.7891285419464111 17 48eb146eb75348488ab1d5a3ccdd95e5
1770325474727 0.7931793332099915 18 48eb146eb75348488ab1d5a3ccdd95e5
1770325482725 0.7812645435333252 19 48eb146eb75348488ab1d5a3ccdd95e5
1770325490988 0.7761182188987732 20 48eb146eb75348488ab1d5a3ccdd95e5
1770325503516 0.7947856187820435 21 48eb146eb75348488ab1d5a3ccdd95e5
1770325515176 0.8007047176361084 22 48eb146eb75348488ab1d5a3ccdd95e5
1770325526707 0.8088412284851074 23 48eb146eb75348488ab1d5a3ccdd95e5
1770325541598 0.7978551387786865 24 48eb146eb75348488ab1d5a3ccdd95e5
1770325552760 0.8097829222679138 25 48eb146eb75348488ab1d5a3ccdd95e5
1770325562196 0.8129498362541199 26 48eb146eb75348488ab1d5a3ccdd95e5
1770325574808 0.8089675307273865 27 48eb146eb75348488ab1d5a3ccdd95e5
1770325589466 0.8244309425354004 28 48eb146eb75348488ab1d5a3ccdd95e5
1770325601196 0.8235719799995422 29 48eb146eb75348488ab1d5a3ccdd95e5
1770325611584 0.8205897212028503 30 48eb146eb75348488ab1d5a3ccdd95e5
1770325622300 0.8202700614929199 31 48eb146eb75348488ab1d5a3ccdd95e5
1770325631846 0.8286006450653076 32 48eb146eb75348488ab1d5a3ccdd95e5
1770325640483 0.8342153429985046 33 48eb146eb75348488ab1d5a3ccdd95e5
1770325650927 0.8199490308761597 34 48eb146eb75348488ab1d5a3ccdd95e5
1770325661783 0.8103111386299133 35 48eb146eb75348488ab1d5a3ccdd95e5
1770325671698 0.8388329148292542 36 48eb146eb75348488ab1d5a3ccdd95e5
1770325682981 0.8377698659896851 37 48eb146eb75348488ab1d5a3ccdd95e5
1770325693575 0.8504738211631775 38 48eb146eb75348488ab1d5a3ccdd95e5
1770325705872 0.8559768199920654 39 48eb146eb75348488ab1d5a3ccdd95e5
1770325717607 0.8489049673080444 40 48eb146eb75348488ab1d5a3ccdd95e5
1770325730488 0.8442139625549316 41 48eb146eb75348488ab1d5a3ccdd95e5
1770325744858 0.8590710759162903 42 48eb146eb75348488ab1d5a3ccdd95e5
1770325757204 0.8460695743560791 43 48eb146eb75348488ab1d5a3ccdd95e5
1770325767089 0.8546869158744812 44 48eb146eb75348488ab1d5a3ccdd95e5
1770325777610 0.8562130928039551 45 48eb146eb75348488ab1d5a3ccdd95e5
1770325786113 0.8627695441246033 46 48eb146eb75348488ab1d5a3ccdd95e5
1770325795969 0.8481168746948242 47 48eb146eb75348488ab1d5a3ccdd95e5
1770325807774 0.8571776747703552 48 48eb146eb75348488ab1d5a3ccdd95e5
1770325818126 0.857728898525238 49 48eb146eb75348488ab1d5a3ccdd95e5
1770325338742 0.2851528525352478 0 48eb146eb75348488ab1d5a3ccdd95e5
