1770325338742 0.020201850682497025 0 48eb146eb75348488ab1d5a3ccdd95e5
1770325346436 0.0 1 48eb146eb75348488ab1d5a3ccdd95e5
1770325353110 0.0 2 48eb146eb75348488ab1d5a3ccdd95e5
1770325360479 0.0 3 48eb146eb75348488ab1d5a3ccdd95e5
1770325367316 0.0 4 48eb146eb75348488ab1d5a3ccdd95e5
1770325374061 0.0 5 48eb146eb75348488ab1d5a3ccdd95e5
1770325381420 0.0 6 48eb146eb75348488ab1d5a3ccdd95e5
1770325387859 0.0 7 48eb146eb75348488ab1d5a3ccdd95e5
1770325396173 0.0 8 48eb146eb75348488ab1d5a3ccdd95e5
1770325403656 0.0 9 48eb146eb75348488ab1d5a3ccdd95e5
1770325410065 0.0 10 48eb146eb75348488ab1d5a3ccdd95e5
1770325417701 0.0 11 48eb146eb75348488ab1d5a3ccdd95e5
1770325425915 0.0 12 48eb146eb75348488ab1d5a3ccdd95e5
1770325433210 0.0 13 48eb146eb75348488ab1d5a3ccdd95e5
1770325440442 0.0 14 48eb146eb75348488ab1d5a3ccdd95e5
1770325449021 0.0 15 48eb146eb75348488ab1d5a3ccdd95e5
1770325457510 0.0 16 48eb146eb75348488ab1d5a3ccdd95e5
1770325466406 0.00020469115406740457 17 48eb146eb75348488ab1d5a3ccdd95e5
1770325474727 0.0001480484934290871 18 48eb146eb75348488ab1d5a3ccdd95e5
1770325482725 0.0014907743316143751 19 48eb146eb75348488ab1d5a3ccdd95e5
1770325490988 0.001296949340030551 20 48eb146eb75348488ab1d5a3ccdd95e5
1770325503516 0.00043564720544964075 21 48eb146eb75348488ab1d5a3ccdd95e5
1770325515176 7.148217991925776e-05 22 48eb146eb75348488ab1d5a3ccdd95e5
1770325526707 0.0030922505538910627 23 48eb146eb75348488ab1d5a3ccdd95e5
1770325541598 0.00034464936470612884 24 48eb146eb75348488ab1d5a3ccdd95e5
1770325552760 0.004616488702595234 25 48eb146eb75348488ab1d5a3ccdd95e5
1770325562196 0.005375254433602095 26 48eb146eb75348488ab1d5a3ccdd95e5
1770325574808 0.002381185768172145 27 48eb146eb75348488ab1d5a3ccdd95e5
1770325589466 0.008504402823746204 28 48eb146eb75348488ab1d5a3ccdd95e5
1770325601196 0.0056449854746460915 29 48eb146eb75348488ab1d5a3ccdd95e5
1770325611584 0.016617629677057266 30 48eb146eb75348488ab1d5a3ccdd95e5
1770325622300 0.00430879183113575 31 48eb146eb75348488ab1d5a3ccdd95e5
1770325631846 0.023743385449051857 32 48eb146eb75348488ab1d5a3ccdd95e5
1770325640483 0.010687903501093388 33 48eb146eb75348488ab1d5a3ccdd95e5
1770325650927 0.05195549130439758 34 48eb146eb75348488ab1d5a3ccdd95e5
1770325661783 0.009210389107465744 35 48eb146eb75348488ab1d5a3ccdd95e5
1770325671698 0.025685204192996025 36 48eb146eb75348488ab1d5a3ccdd95e5
1770325682981 0.028185170143842697 37 48eb146eb75348488ab1d5a3ccdd95e5
1770325693575 0.047469887882471085 38 48eb146eb75348488ab1d5a3ccdd95e5
1770325705872 0.03250845521688461 39 48eb146eb75348488ab1d5a3ccdd95e5
1770325717607 0.03601605445146561 40 48eb146eb75348488ab1d5a3ccdd95e5
1770325730488 0.046165868639945984 41 48eb146eb75348488ab1d5a3ccdd95e5
1770325744858 0.032968293875455856 42 48eb146eb75348488ab1d5a3ccdd95e5
1770325757204 0.06666823476552963 43 48eb146eb75348488ab1d5a3ccdd95e5
1770325767089 0.05677741765975952 44 48eb146eb75348488ab1d5a3ccdd95e5
1770325777610 0.054836977273225784 45 48eb146eb75348488ab1d5a3ccdd95e5
1770325786113 0.03375037759542465 46 48eb146eb75348488ab1d5a3ccdd95e5
1770325795969 0.05759339779615402 47 48eb146eb75348488ab1d5a3ccdd95e5
1770325807774 0.0641884058713913 48 48eb146eb75348488ab1d5a3ccdd95e5
1770325818126 0.057119984179735184 49 48eb146eb75348488ab1d5a3ccdd95e5
1770325338742 0.020201850682497025 0 48eb146eb75348488ab1d5a3ccdd95e5
