1770325338742 0.04023724049329758 0 48eb146eb75348488ab1d5a3ccdd95e5
1770325346436 0.04823540896177292 1 48eb146eb75348488ab1d5a3ccdd95e5
1770325353110 0.08684179931879044 2 48eb146eb75348488ab1d5a3ccdd95e5
1770325360479 0.041544359177351 3 48eb146eb75348488ab1d5a3ccdd95e5
1770325367316 0.012708356603980064 4 48eb146eb75348488ab1d5a3ccdd95e5
1770325374061 0.14233538508415222 5 48eb146eb75348488ab1d5a3ccdd95e5
1770325381420 0.048769574612379074 6 48eb146eb75348488ab1d5a3ccdd95e5
1770325387859 0.03329163044691086 7 48eb146eb75348488ab1d5a3ccdd95e5
1770325396173 0.007177725434303284 8 48eb146eb75348488ab1d5a3ccdd95e5
1770325403656 0.03352764993906021 9 48eb146eb75348488ab1d5a3ccdd95e5
1770325410065 0.07036328315734863 10 48eb146eb75348488ab1d5a3ccdd95e5
1770325417701 0.05748336762189865 11 48eb146eb75348488ab1d5a3ccdd95e5
1770325425915 0.06993252038955688 12 48eb146eb75348488ab1d5a3ccdd95e5
1770325433210 0.053077299147844315 13 48eb146eb75348488ab1d5a3ccdd95e5
1770325440442 0.0271699670702219 14 48eb146eb75348488ab1d5a3ccdd95e5
1770325449021 0.0038506549317389727 15 48eb146eb75348488ab1d5a3ccdd95e5
1770325457510 0.029537975788116455 16 48eb146eb75348488ab1d5a3ccdd95e5
1770325466406 0.02964586392045021 17 48eb146eb75348488ab1d5a3ccdd95e5
1770325474727 0.08791689574718475 18 48eb146eb75348488ab1d5a3ccdd95e5
1770325482725 0.06819631159305573 19 48eb146eb75348488ab1d5a3ccdd95e5
1770325490988 0.06011588126420975 20 48eb146eb75348488ab1d5a3ccdd95e5
1770325503516 0.035966336727142334 21 48eb146eb75348488ab1d5a3ccdd95e5
1770325515176 0.01198542769998312 22 48eb146eb75348488ab1d5a3ccdd95e5
1770325526707 0.10868251323699951 23 48eb146eb75348488ab1d5a3ccdd95e5
1770325541598 0.05133622884750366 24 48eb146eb75348488ab1d5a3ccdd95e5
1770325552760 0.06752186268568039 25 48eb146eb75348488ab1d5a3ccdd95e5
1770325562196 0.040545545518398285 26 48eb146eb75348488ab1d5a3ccdd95e5
1770325574808 0.05218329280614853 27 48eb146eb75348488ab1d5a3ccdd95e5
1770325589466 0.0033081849105656147 28 48eb146eb75348488ab1d5a3ccdd95e5
1770325601196 0.0964072123169899 29 48eb146eb75348488ab1d5a3ccdd95e5
1770325611584 0.003124994458630681 30 48eb146eb75348488ab1d5a3ccdd95e5
1770325622300 0.005110179074108601 31 48eb146eb75348488ab1d5a3ccdd95e5
1770325631846 0.0635005310177803 32 48eb146eb75348488ab1d5a3ccdd95e5
1770325640483 0.06794234365224838 33 48eb146eb75348488ab1d5a3ccdd95e5
1770325650927 0.004733867943286896 34 48eb146eb75348488ab1d5a3ccdd95e5
1770325661783 0.06420282274484634 35 48eb146eb75348488ab1d5a3ccdd95e5
1770325671698 0.06614812463521957 36 48eb146eb75348488ab1d5a3ccdd95e5
1770325682981 0.0876445397734642 37 48eb146eb75348488ab1d5a3ccdd95e5
1770325693575 0.06326408684253693 38 48eb146eb75348488ab1d5a3ccdd95e5
1770325705872 0.04554012045264244 39 48eb146eb75348488ab1d5a3ccdd95e5
1770325717607 0.05609537288546562 40 48eb146eb75348488ab1d5a3ccdd95e5
1770325730488 0.01955856755375862 41 48eb146eb75348488ab1d5a3ccdd95e5
1770325744858 0.03518392890691757 42 48eb146eb75348488ab1d5a3ccdd95e5
1770325757204 0.0018310202285647392 43 48eb146eb75348488ab1d5a3ccdd95e5
1770325767089 0.02644341252744198 44 48eb146eb75348488ab1d5a3ccdd95e5
1770325777610 0.06666591018438339 45 48eb146eb75348488ab1d5a3ccdd95e5
1770325786113 0.04048226773738861 46 48eb146eb75348488ab1d5a3ccdd95e5
1770325795969 0.014959990978240967 47 48eb146eb75348488ab1d5a3ccdd95e5
1770325807774 0.0382823720574379 48 48eb146eb75348488ab1d5a3ccdd95e5
1770325818126 0.0548626184463501 49 48eb146eb75348488ab1d5a3ccdd95e5
1770325338742 0.04023724049329758 0 48eb146eb75348488ab1d5a3ccdd95e5
