1770325338742 0.0 0 48eb146eb75348488ab1d5a3ccdd95e5
1770325346436 0.0 1 48eb146eb75348488ab1d5a3ccdd95e5
1770325353110 0.0 2 48eb146eb75348488ab1d5a3ccdd95e5
1770325360479 0.0 3 48eb146eb75348488ab1d5a3ccdd95e5
1770325367316 0.0 4 48eb146eb75348488ab1d5a3ccdd95e5
1770325374061 0.0 5 48eb146eb75348488ab1d5a3ccdd95e5
1770325381420 0.0 6 48eb146eb75348488ab1d5a3ccdd95e5
1770325387859 0.0 7 48eb146eb75348488ab1d5a3ccdd95e5
1770325396173 0.0 8 48eb146eb75348488ab1d5a3ccdd95e5
1770325403656 0.0 9 48eb146eb75348488ab1d5a3ccdd95e5
1770325410065 0.0 10 48eb146eb75348488ab1d5a3ccdd95e5
1770325417701 0.0 11 48eb146eb75348488ab1d5a3ccdd95e5
1770325425915 0.0 12 48eb146eb75348488ab1d5a3ccdd95e5
1770325433210 0.0 13 48eb146eb75348488ab1d5a3ccdd95e5
1770325440442 0.0 14 48eb146eb75348488ab1d5a3ccdd95e5
1770325449021 0.0 15 48eb146eb75348488ab1d5a3ccdd95e5
1770325457510 0.0 16 48eb146eb75348488ab1d5a3ccdd95e5
1770325466406 0.0 17 48eb146eb75348488ab1d5a3ccdd95e5
1770325474727 0.0 18 48eb146eb75348488ab1d5a3ccdd95e5
1770325482725 0.0 19 48eb146eb75348488ab1d5a3ccdd95e5
1770325490988 0.0 20 48eb146eb75348488ab1d5a3ccdd95e5
1770325503516 0.0 21 48eb146eb75348488ab1d5a3ccdd95e5
1770325515176 0.0 22 48eb146eb75348488ab1d5a3ccdd95e5
1770325526707 0.0 23 48eb146eb75348488ab1d5a3ccdd95e5
1770325541598 0.0 24 48eb146eb75348488ab1d5a3ccdd95e5
1770325552760 0.0 25 48eb146eb75348488ab1d5a3ccdd95e5
1770325562196 0.0 26 48eb146eb75348488ab1d5a3ccdd95e5
1770325574808 0.0 27 48eb146eb75348488ab1d5a3ccdd95e5
1770325589466 0.0 28 48eb146eb75348488ab1d5a3ccdd95e5
1770325601196 0.0 29 48eb146eb75348488ab1d5a3ccdd95e5
1770325611584 0.0 30 48eb146eb75348488ab1d5a3ccdd95e5
1770325622300 0.0 31 48eb146eb75348488ab1d5a3ccdd95e5
1770325631846 0.7061611413955688 32 48eb146eb75348488ab1d5a3ccdd95e5
1770325640483 0.7163323760032654 33 48eb146eb75348488ab1d5a3ccdd95e5
1770325650927 0.0 34 48eb146eb75348488ab1d5a3ccdd95e5
1770325661783 0.6666666865348816 35 48eb146eb75348488ab1d5a3ccdd95e5
1770325671698 0.0 36 48eb146eb75348488ab1d5a3ccdd95e5
1770325682981 0.0 37 48eb146eb75348488ab1d5a3ccdd95e5
1770325693575 0.0 38 48eb146eb75348488ab1d5a3ccdd95e5
1770325705872 0.0 39 48eb146eb75348488ab1d5a3ccdd95e5
1770325717607 0.0 40 48eb146eb75348488ab1d5a3ccdd95e5
1770325730488 0.0 41 48eb146eb75348488ab1d5a3ccdd95e5
1770325744858 0.0 42 48eb146eb75348488ab1d5a3ccdd95e5
1770325757204 0.0 43 48eb146eb75348488ab1d5a3ccdd95e5
1770325767089 0.0 44 48eb146eb75348488ab1d5a3ccdd95e5
1770325777610 0.0 45 48eb146eb75348488ab1d5a3ccdd95e5
1770325786113 0.9044585824012756 46 48eb146eb75348488ab1d5a3ccdd95e5
1770325795969 0.0 47 48eb146eb75348488ab1d5a3ccdd95e5
1770325807774 0.0 48 48eb146eb75348488ab1d5a3ccdd95e5
1770325818126 0.0 49 48eb146eb75348488ab1d5a3ccdd95e5
1770325338742 0.0 0 48eb146eb75348488ab1d5a3ccdd95e5
