1770325338742 0.0 0
1770325346436 0.0 1
1770325353110 0.0 2
1770325360479 0.0 3
1770325367316 0.0 4
1770325374061 0.0 5
1770325381420 0.0 6
1770325387859 0.0 7
1770325396173 0.0 8
1770325403656 0.0 9
1770325410065 0.0 10
1770325417701 0.0 11
1770325425915 0.0 12
1770325433210 0.0 13
1770325440442 0.0 14
1770325449021 0.0 15
1770325457510 0.0 16
1770325466406 0.0 17
1770325474727 0.0 18
1770325482725 0.0 19
1770325490988 0.0 20
1770325503516 0.0 21
1770325515176 0.0 22
1770325526707 0.0 23
1770325541598 0.0 24
1770325552760 0.0 25
1770325562196 0.0 26
1770325574808 0.0 27
1770325589466 0.0 28
1770325601196 0.0 29
1770325611584 0.0 30
1770325622300 0.0 31
1770325631846 0.7061611413955688 32
1770325640483 0.7163323760032654 33
1770325650927 0.0 34
1770325661783 0.6666666865348816 35
1770325671698 0.0 36
1770325682981 0.0 37
1770325693575 0.0 38
1770325705872 0.0 39
1770325717607 0.0 40
1770325730488 0.0 41
1770325744858 0.0 42
1770325757204 0.0 43
1770325767089 0.0 44
1770325777610 0.0 45
1770325786113 0.9044585824012756 46
1770325795969 0.0 47
1770325807774 0.0 48
1770325818126 0.0 49
1770325338742 0.0 0
